0 0.012500 0.083333 0.028125 0.066667
0 0.034375 0.104167 0.043750 0.041667
0 0.062500 0.120833 0.037500 0.033333
0 0.040625 0.145833 0.046875 0.050000
0 0.006250 0.175000 0.012500 0.062500
0 0.015625 0.208333 0.015625 0.041667
0 0.043750 0.200000 0.028125 0.054167
0 0.075000 0.170833 0.025000 0.041667
0 0.087500 0.070833 0.037500 0.041667
0 0.146875 0.037500 0.037500 0.054167
0 0.193750 0.033333 0.037500 0.070833
0 0.178125 0.079167 0.031250 0.037500
0 0.159375 0.112500 0.050000 0.016667
0 0.178125 0.141667 0.040625 0.037500
0 0.143750 0.145833 0.040625 0.079167
0 0.125000 0.179167 0.025000 0.066667
0 0.115625 0.225000 0.028125 0.075000
0 0.146875 0.266667 0.025000 0.062500
0 0.187500 0.258333 0.031250 0.045833
0 0.200000 0.200000 0.031250 0.045833
0 0.240625 0.162500 0.040625 0.033333
0 0.231250 0.075000 0.028125 0.070833
0 0.268750 0.016667 0.040625 0.037500
0 0.306250 0.020833 0.031250 0.045833
0 0.356250 0.008333 0.025000 0.020833
0 0.378125 0.041667 0.040625 0.037500
0 0.409375 0.066667 0.031250 0.033333
0 0.409375 0.108333 0.037500 0.058333
0 0.340625 0.075000 0.034375 0.062500
0 0.290625 0.079167 0.025000 0.041667
0 0.290625 0.120833 0.028125 0.037500
0 0.337500 0.141667 0.037500 0.037500
0 0.375000 0.154167 0.021875 0.066667
0 0.412500 0.158333 0.028125 0.041667
0 0.381250 0.212500 0.025000 0.033333
0 0.315625 0.175000 0.040625 0.037500
0 0.315625 0.216667 0.034375 0.054167
0 0.346875 0.229167 0.025000 0.066667
0 0.281250 0.225000 0.043750 0.037500
0 0.243750 0.241667 0.040625 0.033333
0 0.284375 0.275000 0.050000 0.037500
0 0.284375 0.308333 0.053125 0.033333
0 0.190625 0.308333 0.050000 0.041667
0 0.071875 0.275000 0.034375 0.066667
0 0.043750 0.325000 0.028125 0.037500
0 0.084375 0.370833 0.043750 0.058333
0 0.156250 0.370833 0.050000 0.058333
0 0.203125 0.379167 0.043750 0.054167
0 0.237500 0.366667 0.040625 0.070833
0 0.303125 0.354167 0.028125 0.037500
0 0.343750 0.316667 0.025000 0.058333
0 0.365625 0.345833 0.037500 0.033333
0 0.393750 0.295833 0.040625 0.054167
0 0.409375 0.245833 0.031250 0.041667
0 0.443750 0.233333 0.037500 0.050000
0 0.465625 0.129167 0.043750 0.108333
0 0.471875 0.025000 0.040625 0.050000
0 0.543750 0.020833 0.050000 0.041667
0 0.606250 0.020833 0.025000 0.041667
0 0.665625 0.025000 0.043750 0.033333
0 0.662500 0.062500 0.071875 0.029167
0 0.628125 0.116667 0.037500 0.058333
0 0.500000 0.112500 0.031250 0.041667
0 0.568750 0.125000 0.034375 0.070833
0 0.534375 0.145833 0.053125 0.029167
0 0.543750 0.175000 0.053125 0.037500
0 0.525000 0.233333 0.046875 0.045833
0 0.503125 0.279167 0.037500 0.033333
0 0.518750 0.320833 0.021875 0.041667
0 0.487500 0.333333 0.037500 0.058333
0 0.462500 0.266667 0.040625 0.029167
0 0.434375 0.333333 0.031250 0.033333
0 0.390625 0.370833 0.021875 0.041667
0 0.403125 0.395833 0.053125 0.041667
0 0.396875 0.416667 0.034375 0.033333
0 0.368750 0.441667 0.043750 0.050000
0 0.393750 0.466667 0.040625 0.041667
0 0.334375 0.412500 0.040625 0.058333
0 0.300000 0.437500 0.034375 0.058333
0 0.300000 0.483333 0.028125 0.050000
0 0.275000 0.504167 0.025000 0.058333
0 0.237500 0.545833 0.034375 0.050000
0 0.246875 0.479167 0.021875 0.058333
0 0.200000 0.454167 0.043750 0.054167
0 0.134375 0.429167 0.021875 0.062500
0 0.115625 0.437500 0.043750 0.066667
0 0.062500 0.441667 0.050000 0.058333
0 0.009375 0.450000 0.021875 0.075000
0 0.028125 0.491667 0.021875 0.075000
0 0.034375 0.516667 0.028125 0.083333
0 0.065625 0.533333 0.025000 0.045833
0 0.103125 0.529167 0.034375 0.050000
0 0.128125 0.516667 0.031250 0.045833
0 0.159375 0.458333 0.031250 0.050000
0 0.178125 0.491667 0.031250 0.058333
0 0.184375 0.575000 0.028125 0.054167
0 0.306250 0.545833 0.031250 0.045833
0 0.281250 0.612500 0.037500 0.054167
0 0.206250 0.608333 0.062500 0.041667
0 0.125000 0.629167 0.031250 0.029167
0 0.096875 0.600000 0.012500 0.070833
0 0.053125 0.587500 0.037500 0.045833
0 0.071875 0.650000 0.028125 0.058333
0 0.034375 0.637500 0.043750 0.058333
0 0.015625 0.687500 0.034375 0.037500
0 0.021875 0.733333 0.043750 0.041667
0 0.025000 0.783333 0.021875 0.054167
0 0.056250 0.812500 0.037500 0.029167
0 0.084375 0.779167 0.037500 0.025000
0 0.081250 0.750000 0.050000 0.025000
0 0.100000 0.720833 0.040625 0.029167
0 0.112500 0.683333 0.034375 0.041667
0 0.153125 0.683333 0.025000 0.037500
0 0.203125 0.700000 0.031250 0.037500
0 0.234375 0.650000 0.050000 0.029167
0 0.259375 0.700000 0.031250 0.037500
0 0.296875 0.645833 0.034375 0.050000
0 0.312500 0.700000 0.040625 0.029167
0 0.359375 0.720833 0.034375 0.045833
0 0.353125 0.750000 0.043750 0.041667
0 0.365625 0.637500 0.025000 0.054167
0 0.343750 0.620833 0.021875 0.041667
0 0.353125 0.570833 0.034375 0.050000
0 0.393750 0.537500 0.025000 0.045833
0 0.425000 0.537500 0.040625 0.054167
0 0.409375 0.612500 0.025000 0.066667
0 0.403125 0.675000 0.034375 0.062500
0 0.440625 0.595833 0.037500 0.079167
0 0.471875 0.529167 0.031250 0.041667
0 0.487500 0.570833 0.031250 0.037500
0 0.512500 0.508333 0.031250 0.050000
0 0.478125 0.445833 0.028125 0.050000
0 0.468750 0.387500 0.037500 0.054167
0 0.503125 0.408333 0.040625 0.058333
0 0.559375 0.375000 0.037500 0.045833
0 0.562500 0.312500 0.028125 0.045833
0 0.615625 0.304167 0.031250 0.045833
0 0.628125 0.233333 0.040625 0.045833
0 0.618750 0.362500 0.031250 0.041667
0 0.593750 0.416667 0.031250 0.058333
0 0.568750 0.450000 0.037500 0.025000
0 0.562500 0.508333 0.031250 0.054167
0 0.581250 0.562500 0.037500 0.037500
0 0.540625 0.587500 0.037500 0.037500
0 0.512500 0.641667 0.050000 0.054167
0 0.512500 0.683333 0.025000 0.033333
0 0.487500 0.716667 0.031250 0.037500
0 0.459375 0.687500 0.040625 0.083333
0 0.640625 0.425000 0.031250 0.066667
0 0.653125 0.491667 0.040625 0.050000
0 0.656250 0.345833 0.043750 0.050000
0 0.678125 0.329167 0.050000 0.050000
0 0.715625 0.304167 0.053125 0.075000
0 0.690625 0.250000 0.053125 0.025000
0 0.696875 0.200000 0.059375 0.058333
0 0.659375 0.104167 0.043750 0.041667
0 0.715625 0.025000 0.037500 0.033333
0 0.743750 0.045833 0.037500 0.058333
0 0.768750 0.079167 0.037500 0.037500
0 0.750000 0.125000 0.025000 0.045833
0 0.712500 0.116667 0.037500 0.058333
0 0.800000 0.050000 0.025000 0.033333
0 0.800000 0.016667 0.059375 0.037500
0 0.856250 0.045833 0.034375 0.045833
0 0.896875 0.016667 0.031250 0.037500
0 0.821875 0.095833 0.043750 0.045833
0 0.800000 0.129167 0.031250 0.050000
0 0.771875 0.166667 0.021875 0.054167
0 0.734375 0.195833 0.021875 0.070833
0 0.759375 0.229167 0.025000 0.054167
0 0.759375 0.295833 0.034375 0.070833
0 0.787500 0.237500 0.031250 0.075000
0 0.806250 0.204167 0.046875 0.066667
0 0.840625 0.145833 0.031250 0.045833
0 0.868750 0.112500 0.025000 0.041667
0 0.859375 0.183333 0.034375 0.062500
0 0.843750 0.212500 0.034375 0.087500
0 0.868750 0.291667 0.025000 0.075000
0 0.843750 0.308333 0.037500 0.050000
0 0.906250 0.225000 0.028125 0.050000
0 0.900000 0.154167 0.034375 0.058333
0 0.921875 0.087500 0.034375 0.045833
0 0.940625 0.050000 0.037500 0.062500
0 0.987500 0.091667 0.025000 0.033333
0 0.971875 0.170833 0.046875 0.062500
0 0.987500 0.216667 0.025000 0.050000
0 0.971875 0.262500 0.043750 0.045833
0 0.903125 0.287500 0.021875 0.050000
0 0.896875 0.354167 0.053125 0.050000
0 0.818750 0.358333 0.053125 0.025000
0 0.818750 0.408333 0.034375 0.054167
0 0.871875 0.445833 0.028125 0.041667
0 0.918750 0.404167 0.025000 0.045833
0 0.962500 0.433333 0.021875 0.045833
0 0.925000 0.550000 0.046875 0.029167
0 0.921875 0.487500 0.050000 0.050000
0 0.856250 0.487500 0.031250 0.045833
0 0.831250 0.512500 0.028125 0.037500
0 0.825000 0.562500 0.031250 0.041667
0 0.868750 0.575000 0.025000 0.050000
0 0.921875 0.591667 0.040625 0.045833
0 0.953125 0.629167 0.025000 0.029167
0 0.965625 0.670833 0.031250 0.020833
0 0.971875 0.737500 0.031250 0.045833
0 0.956250 0.779167 0.028125 0.041667
0 0.928125 0.745833 0.025000 0.058333
0 0.903125 0.754167 0.031250 0.041667
0 0.875000 0.762500 0.028125 0.066667
0 0.846875 0.762500 0.018750 0.054167
0 0.875000 0.687500 0.053125 0.041667
0 0.865625 0.637500 0.021875 0.041667
0 0.828125 0.658333 0.037500 0.062500
0 0.762500 0.533333 0.021875 0.045833
0 0.728125 0.554167 0.037500 0.050000
0 0.693750 0.533333 0.043750 0.041667
0 0.687500 0.608333 0.081250 0.037500
0 0.687500 0.633333 0.053125 0.045833
0 0.725000 0.650000 0.034375 0.045833
0 0.746875 0.708333 0.031250 0.050000
0 0.706250 0.708333 0.037500 0.045833
0 0.653125 0.675000 0.034375 0.045833
0 0.618750 0.695833 0.037500 0.045833
0 0.612500 0.595833 0.031250 0.033333
0 0.590625 0.683333 0.037500 0.050000
0 0.584375 0.720833 0.034375 0.037500
0 0.568750 0.729167 0.031250 0.058333
0 0.515625 0.729167 0.025000 0.041667
0 0.509375 0.800000 0.031250 0.033333
0 0.518750 0.829167 0.015625 0.033333
0 0.503125 0.854167 0.031250 0.029167
0 0.515625 0.904167 0.034375 0.033333
0 0.490625 0.925000 0.031250 0.054167
0 0.471875 0.970833 0.018750 0.054167
0 0.562500 0.812500 0.034375 0.041667
0 0.606250 0.762500 0.021875 0.037500
0 0.631250 0.758333 0.034375 0.070833
0 0.665625 0.750000 0.031250 0.033333
0 0.675000 0.787500 0.034375 0.058333
0 0.628125 0.820833 0.031250 0.062500
0 0.590625 0.875000 0.015625 0.041667
0 0.562500 0.904167 0.034375 0.058333
0 0.556250 0.954167 0.043750 0.062500
0 0.612500 0.945833 0.025000 0.045833
0 0.659375 0.862500 0.025000 0.041667
0 0.703125 0.829167 0.028125 0.058333
0 0.750000 0.829167 0.040625 0.050000
0 0.800000 0.766667 0.034375 0.037500
0 0.809375 0.841667 0.025000 0.045833
0 0.796875 0.900000 0.031250 0.025000
0 0.806250 0.945833 0.037500 0.029167
0 0.759375 0.895833 0.021875 0.037500
0 0.728125 0.916667 0.025000 0.054167
0 0.696875 0.883333 0.034375 0.041667
0 0.681250 0.945833 0.037500 0.037500
0 0.653125 0.979167 0.028125 0.045833
0 0.850000 0.979167 0.009375 0.037500
0 0.828125 0.900000 0.037500 0.041667
0 0.868750 0.895833 0.043750 0.041667
0 0.890625 0.816667 0.025000 0.037500
0 0.931250 0.825000 0.015625 0.029167
0 0.959375 0.829167 0.037500 0.033333
0 0.984375 0.841667 0.031250 0.041667
0 0.959375 0.908333 0.043750 0.029167
0 0.937500 0.958333 0.034375 0.041667
0 0.984375 0.962500 0.031250 0.045833
0 0.903125 0.945833 0.031250 0.037500
0 0.134375 0.754167 0.025000 0.037500
0 0.131250 0.787500 0.025000 0.062500
0 0.171875 0.795833 0.025000 0.050000
0 0.196875 0.741667 0.040625 0.029167
0 0.228125 0.775000 0.037500 0.041667
0 0.271875 0.766667 0.040625 0.045833
0 0.315625 0.800000 0.025000 0.045833
0 0.365625 0.808333 0.025000 0.050000
0 0.403125 0.787500 0.040625 0.045833
0 0.453125 0.791667 0.037500 0.066667
0 0.428125 0.858333 0.025000 0.041667
0 0.387500 0.887500 0.021875 0.066667
0 0.425000 0.925000 0.046875 0.062500
0 0.334375 0.850000 0.031250 0.041667
0 0.331250 0.887500 0.053125 0.025000
0 0.293750 0.916667 0.046875 0.041667
0 0.278125 0.854167 0.031250 0.050000
0 0.250000 0.883333 0.015625 0.062500
0 0.228125 0.875000 0.037500 0.054167
0 0.203125 0.829167 0.025000 0.050000
0 0.121875 0.862500 0.021875 0.045833
0 0.084375 0.833333 0.021875 0.041667
0 0.137500 0.920833 0.028125 0.070833
0 0.150000 0.970833 0.021875 0.054167
0 0.175000 0.979167 0.043750 0.041667
0 0.218750 0.908333 0.018750 0.050000
0 0.231250 0.983333 0.034375 0.029167
0 0.068750 0.975000 0.025000 0.045833
0 0.046875 0.945833 0.028125 0.058333
0 0.325000 0.941667 0.034375 0.062500
0 0.403125 0.983333 0.053125 0.033333
