0 0.075000 0.045833 0.031250 0.062500
0 0.134375 0.016667 0.040625 0.041667
0 0.121875 0.100000 0.018750 0.045833
0 0.025000 0.041667 0.018750 0.075000
0 0.043750 0.179167 0.028125 0.062500
0 0.078125 0.208333 0.046875 0.045833
0 0.087500 0.145833 0.034375 0.050000
0 0.215625 0.154167 0.046875 0.062500
0 0.190625 0.120833 0.046875 0.058333
0 0.171875 0.212500 0.046875 0.062500
0 0.115625 0.241667 0.021875 0.062500
0 0.081250 0.270833 0.037500 0.054167
0 0.009375 0.354167 0.021875 0.062500
0 0.093750 0.466667 0.031250 0.045833
0 0.131250 0.466667 0.043750 0.054167
0 0.115625 0.529167 0.037500 0.104167
0 0.068750 0.600000 0.034375 0.050000
0 0.059375 0.541667 0.059375 0.050000
0 0.040625 0.741667 0.034375 0.095833
0 0.018750 0.829167 0.037500 0.066667
0 0.040625 0.812500 0.025000 0.079167
0 0.059375 0.833333 0.028125 0.075000
0 0.009375 0.912500 0.021875 0.062500
0 0.053125 0.933333 0.028125 0.075000
0 0.090625 0.966667 0.040625 0.041667
0 0.140625 0.970833 0.028125 0.054167
0 0.090625 0.891667 0.018750 0.041667
0 0.096875 0.841667 0.018750 0.054167
0 0.125000 0.829167 0.037500 0.054167
0 0.121875 0.904167 0.028125 0.037500
0 0.193750 0.350000 0.028125 0.045833
0 0.228125 0.312500 0.028125 0.050000
0 0.237500 0.362500 0.025000 0.079167
0 0.265625 0.437500 0.043750 0.045833
0 0.331250 0.395833 0.025000 0.062500
0 0.325000 0.454167 0.018750 0.050000
0 0.303125 0.533333 0.040625 0.062500
0 0.034375 0.462500 0.037500 0.070833
0 0.250000 0.570833 0.050000 0.054167
0 0.228125 0.637500 0.046875 0.062500
0 0.187500 0.658333 0.043750 0.054167
0 0.109375 0.712500 0.056250 0.041667
0 0.140625 0.770833 0.046875 0.033333
0 0.281250 0.683333 0.043750 0.037500
0 0.253125 0.641667 0.046875 0.037500
0 0.309375 0.612500 0.043750 0.066667
0 0.340625 0.683333 0.025000 0.066667
0 0.281250 0.766667 0.040625 0.045833
0 0.234375 0.804167 0.046875 0.050000
0 0.268750 0.845833 0.031250 0.045833
0 0.171875 0.879167 0.056250 0.037500
0 0.171875 0.929167 0.053125 0.037500
0 0.200000 0.979167 0.040625 0.025000
0 0.237500 0.970833 0.021875 0.050000
0 0.262500 0.975000 0.043750 0.045833
0 0.240625 0.912500 0.037500 0.037500
0 0.200000 0.854167 0.046875 0.079167
0 0.293750 0.883333 0.050000 0.037500
0 0.353125 0.850000 0.040625 0.083333
0 0.387500 0.883333 0.034375 0.062500
0 0.406250 0.808333 0.053125 0.033333
0 0.384375 0.766667 0.062500 0.050000
0 0.387500 0.733333 0.031250 0.041667
0 0.415625 0.704167 0.028125 0.058333
0 0.378125 0.641667 0.031250 0.066667
0 0.403125 0.575000 0.028125 0.050000
0 0.431250 0.533333 0.025000 0.025000
0 0.396875 0.512500 0.031250 0.066667
0 0.443750 0.437500 0.050000 0.066667
0 0.500000 0.416667 0.040625 0.045833
0 0.409375 0.337500 0.034375 0.058333
0 0.400000 0.266667 0.025000 0.058333
0 0.356250 0.287500 0.034375 0.054167
0 0.309375 0.212500 0.034375 0.054167
0 0.356250 0.212500 0.025000 0.041667
0 0.293750 0.087500 0.034375 0.058333
0 0.243750 0.058333 0.040625 0.062500
0 0.325000 0.029167 0.050000 0.054167
0 0.350000 0.112500 0.053125 0.054167
0 0.540625 0.058333 0.050000 0.075000
0 0.462500 0.100000 0.040625 0.062500
0 0.459375 0.208333 0.053125 0.058333
0 0.412500 0.400000 0.028125 0.075000
0 0.475000 0.554167 0.034375 0.062500
0 0.437500 0.629167 0.025000 0.045833
0 0.471875 0.687500 0.028125 0.033333
0 0.459375 0.716667 0.031250 0.045833
0 0.503125 0.741667 0.050000 0.050000
0 0.459375 0.800000 0.040625 0.045833
0 0.437500 0.841667 0.018750 0.066667
0 0.462500 0.887500 0.046875 0.045833
0 0.434375 0.945833 0.040625 0.050000
0 0.393750 0.962500 0.037500 0.054167
0 0.318750 0.804167 0.031250 0.066667
0 0.490625 0.929167 0.037500 0.033333
0 0.534375 0.962500 0.040625 0.045833
0 0.543750 0.800000 0.062500 0.025000
0 0.571875 0.879167 0.034375 0.041667
0 0.590625 0.925000 0.043750 0.050000
0 0.600000 0.850000 0.040625 0.041667
0 0.615625 0.791667 0.034375 0.037500
0 0.590625 0.733333 0.025000 0.045833
0 0.590625 0.650000 0.025000 0.054167
0 0.515625 0.562500 0.031250 0.070833
0 0.518750 0.454167 0.031250 0.029167
0 0.581250 0.408333 0.046875 0.037500
0 0.575000 0.329167 0.050000 0.033333
0 0.562500 0.229167 0.043750 0.045833
0 0.584375 0.154167 0.037500 0.054167
0 0.634375 0.158333 0.028125 0.033333
0 0.621875 0.200000 0.037500 0.016667
0 0.640625 0.237500 0.040625 0.029167
0 0.621875 0.270833 0.043750 0.037500
0 0.678125 0.412500 0.040625 0.045833
0 0.675000 0.520833 0.043750 0.045833
0 0.621875 0.570833 0.028125 0.062500
0 0.653125 0.616667 0.028125 0.054167
0 0.640625 0.679167 0.040625 0.050000
0 0.696875 0.637500 0.031250 0.079167
0 0.715625 0.541667 0.046875 0.033333
0 0.690625 0.720833 0.050000 0.041667
0 0.668750 0.791667 0.034375 0.041667
0 0.646875 0.841667 0.028125 0.037500
0 0.659375 0.895833 0.028125 0.033333
0 0.653125 0.962500 0.031250 0.054167
0 0.693750 0.966667 0.031250 0.050000
0 0.709375 0.854167 0.015625 0.066667
0 0.712500 0.770833 0.034375 0.029167
0 0.618750 0.016667 0.040625 0.041667
0 0.678125 0.079167 0.031250 0.066667
0 0.718750 0.087500 0.031250 0.050000
0 0.715625 0.166667 0.040625 0.041667
0 0.681250 0.204167 0.028125 0.062500
0 0.703125 0.262500 0.043750 0.045833
0 0.721875 0.212500 0.031250 0.058333
0 0.759375 0.229167 0.040625 0.045833
0 0.825000 0.025000 0.062500 0.050000
0 0.762500 0.129167 0.018750 0.050000
0 0.840625 0.108333 0.068750 0.045833
0 0.800000 0.175000 0.025000 0.054167
0 0.843750 0.179167 0.043750 0.050000
0 0.756250 0.312500 0.034375 0.041667
0 0.775000 0.395833 0.034375 0.087500
0 0.812500 0.445833 0.028125 0.037500
0 0.859375 0.341667 0.037500 0.029167
0 0.853125 0.504167 0.037500 0.037500
0 0.793750 0.529167 0.025000 0.066667
0 0.793750 0.604167 0.031250 0.062500
0 0.840625 0.550000 0.040625 0.041667
0 0.878125 0.616667 0.040625 0.041667
0 0.890625 0.583333 0.059375 0.041667
0 0.950000 0.608333 0.046875 0.025000
0 0.756250 0.962500 0.031250 0.062500
0 0.734375 0.912500 0.040625 0.050000
0 0.812500 0.945833 0.040625 0.045833
0 0.853125 0.879167 0.046875 0.045833
0 0.896875 0.845833 0.028125 0.029167
0 0.928125 0.887500 0.037500 0.066667
0 0.953125 0.925000 0.028125 0.045833
0 0.981250 0.945833 0.031250 0.054167
0 0.965625 0.733333 0.043750 0.033333
0 0.962500 0.775000 0.050000 0.062500
0 0.915625 0.708333 0.034375 0.029167
0 0.868750 0.687500 0.031250 0.029167
0 0.837500 0.650000 0.043750 0.045833
0 0.821875 0.725000 0.037500 0.058333
0 0.775000 0.737500 0.031250 0.079167
0 0.818750 0.800000 0.031250 0.062500
0 0.850000 0.808333 0.046875 0.058333
0 0.884375 0.812500 0.053125 0.050000
0 0.946875 0.470833 0.037500 0.058333
0 0.931250 0.516667 0.031250 0.041667
0 0.971875 0.329167 0.025000 0.058333
0 0.975000 0.433333 0.034375 0.062500
0 0.978125 0.204167 0.034375 0.083333
0 0.946875 0.212500 0.025000 0.079167
0 0.918750 0.200000 0.028125 0.087500
0 0.900000 0.150000 0.034375 0.062500
0 0.900000 0.066667 0.028125 0.050000
0 0.918750 0.029167 0.034375 0.066667
0 0.940625 0.020833 0.015625 0.050000
0 0.887500 0.016667 0.034375 0.041667
0 0.971875 0.058333 0.031250 0.058333
0 0.981250 0.125000 0.031250 0.025000
0 0.762500 0.829167 0.031250 0.050000
0 0.918750 0.400000 0.043750 0.045833
0 0.893750 0.962500 0.046875 0.054167
0 0.750000 0.683333 0.034375 0.108333
0 0.571875 0.491667 0.046875 0.025000
0 0.975000 0.854167 0.046875 0.075000
