0 0.578125 0.020833 0.068750 0.041667
0 0.393750 0.025000 0.053125 0.050000
0 0.365625 0.041667 0.056250 0.083333
0 0.168750 0.108333 0.068750 0.087500
0 0.246875 0.116667 0.031250 0.095833
0 0.175000 0.212500 0.037500 0.075000
0 0.231250 0.241667 0.068750 0.087500
0 0.146875 0.295833 0.062500 0.062500
0 0.293750 0.333333 0.025000 0.104167
0 0.331250 0.287500 0.050000 0.133333
0 0.371875 0.337500 0.056250 0.075000
0 0.412500 0.362500 0.028125 0.087500
0 0.459375 0.320833 0.043750 0.079167
0 0.140625 0.558333 0.071875 0.079167
0 0.040625 0.483333 0.059375 0.087500
0 0.250000 0.550000 0.065625 0.054167
0 0.184375 0.604167 0.053125 0.075000
0 0.228125 0.608333 0.040625 0.041667
0 0.121875 0.679167 0.053125 0.079167
0 0.156250 0.645833 0.040625 0.054167
0 0.181250 0.725000 0.075000 0.054167
0 0.184375 0.687500 0.050000 0.058333
0 0.375000 0.545833 0.050000 0.075000
0 0.412500 0.545833 0.056250 0.041667
0 0.278125 0.700000 0.050000 0.045833
0 0.234375 0.775000 0.037500 0.083333
0 0.300000 0.758333 0.059375 0.041667
0 0.312500 0.816667 0.071875 0.033333
0 0.296875 0.783333 0.040625 0.066667
0 0.468750 0.654167 0.050000 0.087500
0 0.509375 0.633333 0.040625 0.083333
0 0.496875 0.737500 0.046875 0.058333
0 0.443750 0.795833 0.040625 0.050000
0 0.621875 0.354167 0.053125 0.079167
0 0.700000 0.512500 0.065625 0.087500
0 0.690625 0.558333 0.053125 0.091667
0 0.696875 0.470833 0.000000 0.000000
0 0.650000 0.204167 0.062500 0.062500
0 0.662500 0.158333 0.053125 0.066667
0 0.781250 0.033333 0.040625 0.070833
0 0.925000 0.025000 0.056250 0.054167
0 0.871875 0.141667 0.109375 0.204167
0 0.840625 0.175000 0.053125 0.075000
0 0.890625 0.233333 0.037500 0.125000
0 0.753125 0.254167 0.071875 0.091667
0 0.796875 0.216667 0.056250 0.066667
0 0.803125 0.391667 0.059375 0.091667
0 0.918750 0.362500 0.053125 0.087500
0 0.890625 0.441667 0.062500 0.100000
0 0.856250 0.445833 0.065625 0.045833
0 0.850000 0.400000 0.043750 0.075000
0 0.621875 0.670833 0.062500 0.079167
0 0.596875 0.758333 0.056250 0.116667
0 0.587500 0.837500 0.050000 0.037500
0 0.540625 0.833333 0.034375 0.062500
0 0.509375 0.862500 0.043750 0.050000
0 0.946875 0.662500 0.050000 0.091667
0 0.725000 0.804167 0.118750 0.104167
0 0.759375 0.929167 0.043750 0.041667
0 0.965625 0.929167 0.062500 0.070833
0 0.184375 0.966667 0.062500 0.066667
