0 0.903125 0.729167 0.043750 0.054167
0 0.846875 0.666667 0.053125 0.050000
0 0.896875 0.637500 0.034375 0.058333
0 0.953125 0.637500 0.018750 0.079167
0 0.937500 0.604167 0.028125 0.066667
0 0.928125 0.558333 0.034375 0.062500
0 0.909375 0.495833 0.037500 0.083333
0 0.868750 0.491667 0.037500 0.058333
0 0.865625 0.537500 0.059375 0.033333
0 0.834375 0.583333 0.056250 0.045833
0 0.781250 0.645833 0.043750 0.054167
0 0.743750 0.666667 0.043750 0.050000
0 0.687500 0.704167 0.031250 0.045833
0 0.656250 0.679167 0.040625 0.058333
0 0.643750 0.733333 0.034375 0.054167
0 0.668750 0.754167 0.028125 0.058333
0 0.709375 0.754167 0.031250 0.050000
0 0.893750 0.375000 0.046875 0.066667
0 0.896875 0.300000 0.037500 0.062500
0 0.925000 0.316667 0.025000 0.079167
0 0.856250 0.275000 0.050000 0.054167
0 0.843750 0.329167 0.025000 0.079167
0 0.821875 0.333333 0.028125 0.070833
0 0.793750 0.329167 0.046875 0.079167
0 0.734375 0.312500 0.046875 0.050000
0 0.709375 0.387500 0.040625 0.058333
0 0.784375 0.400000 0.043750 0.045833
0 0.815625 0.412500 0.046875 0.058333
0 0.831250 0.450000 0.046875 0.045833
0 0.812500 0.508333 0.046875 0.054167
0 0.759375 0.466667 0.034375 0.062500
0 0.734375 0.525000 0.031250 0.066667
0 0.775000 0.562500 0.025000 0.050000
0 0.743750 0.604167 0.034375 0.050000
0 0.818750 0.745833 0.040625 0.050000
0 0.765625 0.775000 0.046875 0.054167
0 0.681250 0.595833 0.046875 0.045833
0 0.656250 0.525000 0.043750 0.045833
0 0.706250 0.495833 0.034375 0.054167
0 0.615625 0.454167 0.059375 0.054167
0 0.637500 0.420833 0.046875 0.041667
0 0.621875 0.375000 0.046875 0.045833
0 0.650000 0.354167 0.040625 0.070833
0 0.637500 0.250000 0.034375 0.041667
0 0.584375 0.233333 0.031250 0.062500
0 0.587500 0.175000 0.028125 0.033333
0 0.556250 0.187500 0.040625 0.087500
0 0.506250 0.166667 0.037500 0.062500
0 0.500000 0.241667 0.028125 0.050000
0 0.459375 0.275000 0.034375 0.062500
0 0.421875 0.279167 0.040625 0.050000
0 0.415625 0.241667 0.040625 0.058333
0 0.381250 0.241667 0.031250 0.070833
0 0.343750 0.254167 0.034375 0.050000
0 0.284375 0.270833 0.050000 0.050000
0 0.315625 0.295833 0.046875 0.041667
0 0.331250 0.341667 0.040625 0.054167
0 0.362500 0.300000 0.034375 0.037500
0 0.378125 0.337500 0.031250 0.045833
0 0.425000 0.354167 0.034375 0.062500
0 0.384375 0.400000 0.034375 0.054167
0 0.340625 0.408333 0.043750 0.045833
0 0.475000 0.370833 0.046875 0.066667
0 0.553125 0.333333 0.031250 0.066667
0 0.584375 0.366667 0.034375 0.054167
0 0.562500 0.400000 0.034375 0.058333
0 0.546875 0.425000 0.034375 0.041667
0 0.518750 0.404167 0.025000 0.062500
0 0.490625 0.433333 0.028125 0.045833
0 0.465625 0.437500 0.028125 0.050000
0 0.434375 0.458333 0.034375 0.050000
0 0.412500 0.504167 0.040625 0.041667
0 0.415625 0.545833 0.040625 0.054167
0 0.471875 0.550000 0.040625 0.058333
0 0.484375 0.583333 0.037500 0.050000
0 0.512500 0.650000 0.021875 0.045833
0 0.537500 0.637500 0.031250 0.045833
0 0.537500 0.570833 0.028125 0.041667
0 0.559375 0.600000 0.025000 0.062500
0 0.587500 0.583333 0.034375 0.054167
0 0.618750 0.612500 0.043750 0.108333
0 0.578125 0.108333 0.046875 0.058333
0 0.559375 0.033333 0.034375 0.045833
0 0.521875 0.020833 0.031250 0.045833
0 0.506250 0.054167 0.037500 0.062500
0 0.409375 0.016667 0.043750 0.037500
0 0.450000 0.062500 0.034375 0.058333
0 0.459375 0.141667 0.046875 0.062500
0 0.396875 0.062500 0.034375 0.045833
0 0.381250 0.145833 0.046875 0.058333
0 0.315625 0.133333 0.034375 0.062500
0 0.296875 0.179167 0.040625 0.054167
0 0.268750 0.216667 0.040625 0.066667
0 0.331250 0.070833 0.040625 0.045833
0 0.356250 0.029167 0.046875 0.045833
0 0.275000 0.012500 0.031250 0.033333
0 0.234375 0.058333 0.034375 0.058333
0 0.193750 0.066667 0.031250 0.058333
0 0.209375 0.125000 0.031250 0.041667
0 0.281250 0.087500 0.046875 0.095833
0 0.137500 0.066667 0.043750 0.058333
0 0.175000 0.016667 0.046875 0.041667
0 0.103125 0.020833 0.028125 0.050000
0 0.059375 0.025000 0.025000 0.050000
0 0.053125 0.058333 0.046875 0.041667
0 0.606250 0.008333 0.034375 0.025000
0 0.621875 0.037500 0.043750 0.041667
0 0.718750 0.008333 0.031250 0.025000
0 0.943750 0.020833 0.040625 0.045833
0 0.893750 0.041667 0.031250 0.054167
0 0.909375 0.112500 0.071875 0.029167
0 0.928125 0.212500 0.028125 0.075000
0 0.965625 0.212500 0.028125 0.037500
0 0.853125 0.200000 0.043750 0.054167
0 0.968750 0.166667 0.034375 0.037500
0 0.846875 0.125000 0.037500 0.045833
0 0.856250 0.062500 0.034375 0.050000
0 0.828125 0.079167 0.043750 0.045833
0 0.756250 0.020833 0.028125 0.045833
0 0.718750 0.045833 0.037500 0.050000
0 0.687500 0.075000 0.037500 0.041667
0 0.637500 0.087500 0.028125 0.050000
0 0.656250 0.133333 0.031250 0.058333
0 0.693750 0.162500 0.037500 0.041667
0 0.725000 0.112500 0.034375 0.045833
0 0.756250 0.120833 0.028125 0.050000
0 0.803125 0.112500 0.031250 0.075000
0 0.793750 0.175000 0.018750 0.050000
0 0.775000 0.195833 0.034375 0.050000
0 0.781250 0.262500 0.034375 0.041667
0 0.740625 0.258333 0.028125 0.045833
0 0.728125 0.229167 0.034375 0.050000
0 0.700000 0.225000 0.034375 0.050000
0 0.025000 0.150000 0.034375 0.075000
0 0.050000 0.100000 0.043750 0.050000
0 0.071875 0.166667 0.046875 0.058333
0 0.128125 0.112500 0.053125 0.029167
0 0.150000 0.145833 0.050000 0.054167
0 0.121875 0.179167 0.040625 0.054167
0 0.100000 0.220833 0.043750 0.062500
0 0.059375 0.262500 0.028125 0.050000
0 0.093750 0.275000 0.028125 0.070833
0 0.168750 0.200000 0.025000 0.045833
0 0.193750 0.233333 0.040625 0.070833
0 0.206250 0.262500 0.028125 0.058333
0 0.209375 0.308333 0.018750 0.041667
0 0.146875 0.300000 0.034375 0.037500
0 0.153125 0.354167 0.046875 0.037500
0 0.100000 0.354167 0.028125 0.029167
0 0.178125 0.408333 0.037500 0.037500
0 0.212500 0.387500 0.037500 0.066667
0 0.243750 0.345833 0.015625 0.054167
0 0.293750 0.341667 0.031250 0.054167
0 0.259375 0.383333 0.028125 0.062500
0 0.250000 0.420833 0.037500 0.050000
0 0.253125 0.454167 0.037500 0.058333
0 0.306250 0.458333 0.031250 0.075000
0 0.375000 0.487500 0.053125 0.041667
0 0.215625 0.437500 0.043750 0.037500
0 0.187500 0.479167 0.037500 0.062500
0 0.196875 0.512500 0.031250 0.062500
0 0.171875 0.566667 0.034375 0.054167
0 0.171875 0.654167 0.040625 0.054167
0 0.093750 0.666667 0.031250 0.045833
0 0.125000 0.608333 0.037500 0.045833
0 0.096875 0.608333 0.034375 0.045833
0 0.100000 0.558333 0.043750 0.041667
0 0.100000 0.512500 0.025000 0.045833
0 0.143750 0.470833 0.043750 0.054167
0 0.115625 0.429167 0.040625 0.058333
0 0.096875 0.462500 0.031250 0.058333
0 0.037500 0.712500 0.028125 0.050000
0 0.062500 0.725000 0.031250 0.062500
0 0.084375 0.741667 0.043750 0.050000
0 0.118750 0.708333 0.053125 0.033333
0 0.246875 0.533333 0.034375 0.062500
0 0.275000 0.562500 0.031250 0.062500
0 0.340625 0.562500 0.037500 0.054167
0 0.315625 0.637500 0.025000 0.075000
0 0.271875 0.650000 0.053125 0.054167
0 0.284375 0.687500 0.031250 0.050000
0 0.243750 0.683333 0.031250 0.041667
0 0.356250 0.625000 0.037500 0.045833
0 0.393750 0.616667 0.025000 0.087500
0 0.425000 0.645833 0.031250 0.054167
0 0.481250 0.654167 0.037500 0.050000
0 0.459375 0.679167 0.031250 0.045833
0 0.456250 0.729167 0.034375 0.037500
0 0.490625 0.733333 0.031250 0.054167
0 0.556250 0.708333 0.025000 0.045833
0 0.587500 0.720833 0.062500 0.033333
0 0.568750 0.770833 0.040625 0.033333
0 0.606250 0.779167 0.031250 0.045833
0 0.553125 0.808333 0.053125 0.029167
0 0.503125 0.812500 0.046875 0.045833
0 0.453125 0.787500 0.059375 0.054167
0 0.406250 0.750000 0.031250 0.087500
0 0.384375 0.737500 0.043750 0.045833
0 0.375000 0.700000 0.031250 0.045833
0 0.334375 0.708333 0.037500 0.062500
0 0.303125 0.800000 0.043750 0.054167
0 0.275000 0.745833 0.043750 0.045833
0 0.243750 0.766667 0.037500 0.050000
0 0.190625 0.745833 0.046875 0.066667
0 0.150000 0.779167 0.043750 0.054167
0 0.118750 0.758333 0.040625 0.079167
0 0.096875 0.783333 0.037500 0.041667
0 0.081250 0.804167 0.046875 0.050000
0 0.056250 0.783333 0.046875 0.050000
0 0.028125 0.758333 0.031250 0.062500
0 0.012500 0.237500 0.028125 0.066667
0 0.015625 0.287500 0.034375 0.054167
0 0.034375 0.316667 0.031250 0.050000
0 0.012500 0.379167 0.028125 0.045833
0 0.018750 0.433333 0.025000 0.075000
0 0.056250 0.450000 0.031250 0.079167
0 0.068750 0.579167 0.031250 0.054167
0 0.040625 0.604167 0.028125 0.054167
0 0.015625 0.645833 0.031250 0.062500
0 0.009375 0.537500 0.021875 0.037500
0 0.750000 0.841667 0.053125 0.062500
0 0.831250 0.875000 0.053125 0.070833
0 0.840625 0.791667 0.043750 0.033333
0 0.896875 0.804167 0.050000 0.066667
0 0.906250 0.854167 0.056250 0.062500
0 0.943750 0.879167 0.031250 0.058333
0 0.881250 0.925000 0.040625 0.070833
0 0.962500 0.766667 0.034375 0.050000
0 0.978125 0.050000 0.040625 0.062500
0 0.978125 0.091667 0.043750 0.050000
0 0.981250 0.241667 0.037500 0.058333
0 0.984375 0.320833 0.034375 0.054167
0 0.975000 0.437500 0.034375 0.091667
0 0.981250 0.504167 0.031250 0.058333
0 0.987500 0.683333 0.025000 0.062500
0 0.762500 0.970833 0.043750 0.045833
0 0.190625 0.820833 0.034375 0.037500
0 0.228125 0.833333 0.040625 0.050000
0 0.187500 0.858333 0.043750 0.041667
0 0.178125 0.904167 0.050000 0.058333
0 0.159375 0.954167 0.065625 0.054167
0 0.243750 0.900000 0.040625 0.041667
0 0.290625 0.908333 0.059375 0.066667
0 0.312500 0.825000 0.037500 0.054167
0 0.046875 0.966667 0.040625 0.045833
0 0.015625 0.916667 0.037500 0.033333
0 0.046875 0.845833 0.043750 0.050000
0 0.134375 0.845833 0.040625 0.054167
0 0.096875 0.862500 0.043750 0.075000
0 0.046875 0.887500 0.025000 0.058333
0 0.700000 0.925000 0.056250 0.054167
0 0.600000 0.841667 0.043750 0.050000
0 0.609375 0.900000 0.031250 0.054167
0 0.625000 0.970833 0.028125 0.050000
0 0.553125 0.941667 0.034375 0.054167
0 0.559375 0.975000 0.046875 0.050000
0 0.506250 0.937500 0.028125 0.045833
0 0.496875 0.879167 0.043750 0.033333
0 0.384375 0.820833 0.043750 0.037500
0 0.425000 0.875000 0.043750 0.045833
0 0.337500 0.891667 0.043750 0.054167
0 0.365625 0.933333 0.034375 0.050000
0 0.409375 0.937500 0.037500 0.058333
0 0.453125 0.975000 0.043750 0.045833
0 0.318750 0.979167 0.053125 0.037500
0 0.287500 0.966667 0.043750 0.045833
