0 0.021875 0.033333 0.046875 0.066667
0 0.112500 0.025000 0.062500 0.054167
0 0.162500 0.066667 0.053125 0.070833
0 0.112500 0.079167 0.059375 0.100000
0 0.046875 0.137500 0.034375 0.087500
0 0.090625 0.145833 0.037500 0.070833
0 0.078125 0.091667 0.040625 0.075000
0 0.025000 0.154167 0.031250 0.066667
0 0.043750 0.241667 0.056250 0.050000
0 0.100000 0.237500 0.040625 0.045833
0 0.137500 0.183333 0.056250 0.066667
0 0.165625 0.145833 0.046875 0.054167
0 0.243750 0.120833 0.031250 0.041667
0 0.296875 0.083333 0.046875 0.045833
0 0.309375 0.020833 0.056250 0.041667
0 0.381250 0.016667 0.034375 0.033333
0 0.368750 0.037500 0.037500 0.054167
0 0.346875 0.154167 0.043750 0.075000
0 0.284375 0.175000 0.050000 0.062500
0 0.265625 0.216667 0.059375 0.066667
0 0.203125 0.254167 0.043750 0.087500
0 0.175000 0.262500 0.050000 0.070833
0 0.128125 0.291667 0.028125 0.070833
0 0.106250 0.341667 0.031250 0.087500
0 0.062500 0.300000 0.031250 0.054167
0 0.018750 0.308333 0.031250 0.037500
0 0.009375 0.350000 0.021875 0.041667
0 0.046875 0.358333 0.021875 0.058333
0 0.031250 0.408333 0.050000 0.037500
0 0.340625 0.329167 0.040625 0.083333
0 0.384375 0.362500 0.034375 0.062500
0 0.390625 0.266667 0.043750 0.054167
0 0.303125 0.262500 0.040625 0.062500
0 0.406250 0.079167 0.025000 0.058333
0 0.487500 0.145833 0.065625 0.033333
0 0.600000 0.133333 0.031250 0.045833
0 0.621875 0.037500 0.037500 0.079167
0 0.684375 0.020833 0.043750 0.041667
0 0.709375 0.066667 0.084375 0.037500
0 0.787500 0.087500 0.040625 0.041667
0 0.787500 0.029167 0.078125 0.058333
0 0.859375 0.029167 0.065625 0.045833
0 0.865625 0.075000 0.056250 0.050000
0 0.875000 0.158333 0.075000 0.050000
0 0.787500 0.170833 0.046875 0.045833
0 0.725000 0.116667 0.046875 0.054167
0 0.656250 0.133333 0.046875 0.050000
0 0.681250 0.187500 0.043750 0.045833
0 0.731250 0.187500 0.037500 0.050000
0 0.753125 0.229167 0.056250 0.054167
0 0.728125 0.279167 0.046875 0.045833
0 0.784375 0.300000 0.040625 0.066667
0 0.771875 0.354167 0.043750 0.066667
0 0.684375 0.345833 0.046875 0.054167
0 0.740625 0.395833 0.037500 0.041667
0 0.562500 0.179167 0.028125 0.062500
0 0.518750 0.258333 0.031250 0.058333
0 0.559375 0.300000 0.031250 0.045833
0 0.553125 0.350000 0.025000 0.075000
0 0.596875 0.291667 0.050000 0.058333
0 0.596875 0.341667 0.040625 0.050000
0 0.640625 0.358333 0.034375 0.058333
0 0.609375 0.395833 0.040625 0.054167
0 0.521875 0.329167 0.034375 0.070833
0 0.478125 0.362500 0.040625 0.066667
0 0.421875 0.333333 0.040625 0.070833
0 0.178125 0.383333 0.037500 0.087500
0 0.256250 0.404167 0.071875 0.058333
0 0.296875 0.445833 0.103125 0.037500
0 0.218750 0.441667 0.037500 0.066667
0 0.193750 0.466667 0.037500 0.050000
0 0.009375 0.454167 0.021875 0.041667
0 0.084375 0.466667 0.046875 0.037500
0 0.015625 0.541667 0.031250 0.058333
0 0.071875 0.566667 0.043750 0.058333
0 0.112500 0.625000 0.046875 0.041667
0 0.100000 0.691667 0.046875 0.062500
0 0.037500 0.675000 0.025000 0.083333
0 0.009375 0.725000 0.025000 0.087500
0 0.050000 0.733333 0.018750 0.100000
0 0.078125 0.754167 0.034375 0.075000
0 0.068750 0.850000 0.043750 0.050000
0 0.121875 0.762500 0.050000 0.070833
0 0.128125 0.854167 0.062500 0.075000
0 0.162500 0.841667 0.050000 0.058333
0 0.203125 0.833333 0.040625 0.066667
0 0.206250 0.775000 0.053125 0.058333
0 0.209375 0.708333 0.034375 0.058333
0 0.150000 0.741667 0.034375 0.062500
0 0.168750 0.679167 0.040625 0.058333
0 0.171875 0.625000 0.046875 0.062500
0 0.181250 0.512500 0.050000 0.050000
0 0.246875 0.504167 0.046875 0.041667
0 0.303125 0.495833 0.040625 0.054167
0 0.356250 0.458333 0.053125 0.041667
0 0.406250 0.425000 0.034375 0.095833
0 0.368750 0.520833 0.028125 0.108333
0 0.425000 0.516667 0.050000 0.091667
0 0.303125 0.566667 0.040625 0.058333
0 0.253125 0.554167 0.034375 0.087500
0 0.218750 0.575000 0.037500 0.037500
0 0.237500 0.612500 0.078125 0.045833
0 0.253125 0.687500 0.059375 0.058333
0 0.300000 0.691667 0.046875 0.058333
0 0.368750 0.629167 0.053125 0.066667
0 0.481250 0.570833 0.046875 0.058333
0 0.481250 0.445833 0.043750 0.037500
0 0.512500 0.475000 0.050000 0.058333
0 0.550000 0.533333 0.043750 0.045833
0 0.593750 0.529167 0.046875 0.058333
0 0.581250 0.470833 0.046875 0.066667
0 0.628125 0.466667 0.050000 0.058333
0 0.659375 0.450000 0.065625 0.058333
0 0.687500 0.429167 0.078125 0.079167
0 0.771875 0.458333 0.046875 0.041667
0 0.846875 0.408333 0.028125 0.083333
0 0.812500 0.470833 0.037500 0.079167
0 0.803125 0.537500 0.031250 0.066667
0 0.828125 0.533333 0.040625 0.070833
0 0.871875 0.525000 0.028125 0.050000
0 0.862500 0.475000 0.043750 0.045833
0 0.753125 0.495833 0.040625 0.062500
0 0.700000 0.525000 0.034375 0.054167
0 0.465625 0.629167 0.028125 0.041667
0 0.450000 0.645833 0.034375 0.045833
0 0.478125 0.670833 0.037500 0.054167
0 0.506250 0.683333 0.043750 0.054167
0 0.540625 0.633333 0.062500 0.050000
0 0.565625 0.695833 0.040625 0.058333
0 0.615625 0.662500 0.046875 0.062500
0 0.646875 0.654167 0.075000 0.050000
0 0.650000 0.608333 0.046875 0.041667
0 0.693750 0.629167 0.037500 0.075000
0 0.740625 0.625000 0.034375 0.041667
0 0.753125 0.566667 0.037500 0.041667
0 0.840625 0.579167 0.050000 0.062500
0 0.843750 0.666667 0.043750 0.050000
0 0.781250 0.658333 0.031250 0.050000
0 0.715625 0.683333 0.050000 0.033333
0 0.728125 0.725000 0.059375 0.054167
0 0.768750 0.754167 0.050000 0.070833
0 0.806250 0.816667 0.037500 0.029167
0 0.853125 0.766667 0.050000 0.041667
0 0.653125 0.716667 0.043750 0.062500
0 0.400000 0.670833 0.043750 0.066667
0 0.368750 0.704167 0.037500 0.079167
0 0.343750 0.758333 0.031250 0.087500
0 0.300000 0.750000 0.043750 0.037500
0 0.243750 0.779167 0.034375 0.050000
0 0.290625 0.804167 0.050000 0.062500
0 0.246875 0.833333 0.040625 0.041667
0 0.203125 0.883333 0.037500 0.070833
0 0.253125 0.875000 0.037500 0.058333
0 0.234375 0.929167 0.046875 0.045833
0 0.290625 0.879167 0.043750 0.054167
0 0.331250 0.845833 0.037500 0.045833
0 0.387500 0.812500 0.028125 0.045833
0 0.387500 0.758333 0.043750 0.037500
0 0.421875 0.712500 0.043750 0.045833
0 0.446875 0.754167 0.034375 0.062500
0 0.500000 0.745833 0.037500 0.058333
0 0.590625 0.766667 0.043750 0.054167
0 0.543750 0.795833 0.040625 0.041667
0 0.650000 0.787500 0.037500 0.079167
0 0.715625 0.820833 0.034375 0.037500
0 0.871875 0.837500 0.034375 0.066667
0 0.834375 0.895833 0.034375 0.054167
0 0.856250 0.912500 0.046875 0.075000
0 0.875000 0.983333 0.040625 0.025000
0 0.787500 0.895833 0.031250 0.066667
0 0.771875 0.975000 0.043750 0.045833
0 0.709375 0.975000 0.040625 0.045833
0 0.715625 0.941667 0.059375 0.054167
0 0.887500 0.229167 0.056250 0.054167
0 0.881250 0.275000 0.059375 0.054167
0 0.875000 0.341667 0.056250 0.025000
0 0.881250 0.379167 0.040625 0.054167
0 0.893750 0.541667 0.040625 0.041667
0 0.896875 0.591667 0.037500 0.070833
0 0.621875 0.875000 0.043750 0.050000
0 0.678125 0.916667 0.031250 0.062500
0 0.634375 0.929167 0.031250 0.037500
0 0.587500 0.945833 0.034375 0.045833
0 0.565625 0.900000 0.037500 0.033333
0 0.553125 0.837500 0.037500 0.037500
0 0.515625 0.883333 0.040625 0.037500
0 0.465625 0.891667 0.037500 0.050000
0 0.484375 0.829167 0.037500 0.050000
0 0.428125 0.829167 0.034375 0.070833
0 0.371875 0.879167 0.043750 0.050000
0 0.406250 0.941667 0.034375 0.050000
0 0.443750 0.958333 0.028125 0.054167
0 0.496875 0.966667 0.043750 0.062500
0 0.531250 0.945833 0.037500 0.054167
0 0.900000 0.966667 0.021875 0.054167
0 0.328125 0.925000 0.050000 0.062500
0 0.306250 0.954167 0.062500 0.066667
0 0.262500 0.966667 0.037500 0.045833
0 0.378125 0.979167 0.056250 0.037500
0 0.943750 0.058333 0.028125 0.066667
0 0.981250 0.054167 0.031250 0.058333
0 0.975000 0.233333 0.034375 0.050000
0 0.965625 0.325000 0.034375 0.045833
0 0.987500 0.350000 0.025000 0.058333
0 0.956250 0.375000 0.031250 0.037500
0 0.925000 0.400000 0.025000 0.045833
0 0.928125 0.458333 0.043750 0.050000
0 0.971875 0.416667 0.028125 0.033333
0 0.953125 0.537500 0.043750 0.050000
0 0.950000 0.591667 0.050000 0.033333
0 0.962500 0.637500 0.028125 0.062500
0 0.940625 0.754167 0.028125 0.058333
0 0.987500 0.704167 0.018750 0.033333
0 0.987500 0.745833 0.021875 0.037500
0 0.925000 0.829167 0.025000 0.095833
0 0.953125 0.870833 0.037500 0.050000
0 0.946875 0.954167 0.034375 0.095833
