0 0.175000 0.058333 0.081250 0.091667
0 0.046875 0.225000 0.056250 0.095833
0 0.171875 0.216667 0.071875 0.054167
0 0.028125 0.400000 0.037500 0.050000
0 0.196875 0.383333 0.062500 0.087500
0 0.312500 0.300000 0.015625 0.079167
0 0.146875 0.425000 0.050000 0.062500
0 0.031250 0.483333 0.053125 0.054167
0 0.103125 0.545833 0.043750 0.075000
0 0.134375 0.612500 0.046875 0.054167
0 0.243750 0.545833 0.065625 0.075000
0 0.087500 0.725000 0.037500 0.070833
0 0.121875 0.758333 0.050000 0.070833
0 0.146875 0.812500 0.046875 0.058333
0 0.034375 0.766667 0.071875 0.054167
0 0.068750 0.854167 0.043750 0.070833
0 0.103125 0.800000 0.075000 0.037500
0 0.325000 0.866667 0.059375 0.066667
0 0.440625 0.679167 0.040625 0.075000
0 0.556250 0.716667 0.059375 0.062500
0 0.406250 0.762500 0.090625 0.083333
0 0.434375 0.825000 0.028125 0.066667
0 0.478125 0.783333 0.043750 0.045833
0 0.462500 0.841667 0.037500 0.054167
0 0.434375 0.883333 0.050000 0.054167
0 0.556250 0.845833 0.037500 0.083333
0 0.640625 0.900000 0.053125 0.045833
0 0.675000 0.850000 0.037500 0.058333
0 0.837500 0.175000 0.046875 0.020833
0 0.862500 0.154167 0.040625 0.045833
0 0.918750 0.350000 0.034375 0.079167
0 0.918750 0.450000 0.075000 0.066667
0 0.887500 0.633333 0.040625 0.083333
0 0.012500 0.920833 0.028125 0.066667
0 0.062500 0.925000 0.037500 0.079167
0 0.281250 0.979167 0.056250 0.033333
0 0.868750 0.975000 0.043750 0.045833
