0 0.031250 0.933333 0.056250 0.062500
0 0.028125 0.816667 0.053125 0.066667
0 0.096875 0.754167 0.043750 0.054167
0 0.087500 0.841667 0.050000 0.070833
0 0.115625 0.904167 0.043750 0.037500
0 0.184375 0.895833 0.053125 0.058333
0 0.134375 0.820833 0.034375 0.062500
0 0.178125 0.812500 0.037500 0.054167
0 0.143750 0.729167 0.046875 0.079167
0 0.221875 0.766667 0.096875 0.070833
0 0.068750 0.625000 0.065625 0.100000
0 0.134375 0.575000 0.046875 0.083333
0 0.165625 0.654167 0.075000 0.054167
0 0.221875 0.575000 0.056250 0.091667
0 0.271875 0.579167 0.059375 0.087500
0 0.431250 0.791667 0.087500 0.079167
0 0.337500 0.641667 0.065625 0.087500
0 0.415625 0.525000 0.065625 0.062500
0 0.387500 0.579167 0.075000 0.070833
0 0.531250 0.575000 0.056250 0.095833
0 0.525000 0.408333 0.059375 0.129167
0 0.521875 0.766667 0.068750 0.070833
0 0.450000 0.629167 0.046875 0.116667
0 0.587500 0.966667 0.081250 0.062500
0 0.828125 0.900000 0.112500 0.129167
0 0.700000 0.841667 0.046875 0.133333
0 0.631250 0.825000 0.062500 0.104167
0 0.606250 0.687500 0.053125 0.091667
0 0.653125 0.691667 0.053125 0.075000
0 0.706250 0.712500 0.075000 0.070833
0 0.600000 0.470833 0.046875 0.075000
0 0.628125 0.395833 0.053125 0.108333
0 0.643750 0.612500 0.090625 0.050000
0 0.662500 0.541667 0.068750 0.062500
0 0.728125 0.283333 0.056250 0.095833
0 0.696875 0.400000 0.078125 0.100000
0 0.837500 0.491667 0.062500 0.100000
0 0.856250 0.645833 0.050000 0.062500
0 0.903125 0.629167 0.037500 0.079167
0 0.850000 0.729167 0.059375 0.087500
0 0.893750 0.783333 0.043750 0.062500
0 0.943750 0.812500 0.043750 0.066667
0 0.984375 0.520833 0.028125 0.079167
0 0.987500 0.333333 0.021875 0.062500
0 0.050000 0.254167 0.065625 0.058333
0 0.081250 0.175000 0.053125 0.066667
0 0.021875 0.491667 0.043750 0.087500
0 0.018750 0.354167 0.040625 0.058333
0 0.028125 0.429167 0.031250 0.087500
0 0.065625 0.429167 0.037500 0.058333
0 0.115625 0.341667 0.087500 0.033333
0 0.115625 0.312500 0.081250 0.045833
0 0.218750 0.333333 0.046875 0.091667
0 0.190625 0.433333 0.059375 0.075000
0 0.150000 0.379167 0.053125 0.058333
0 0.318750 0.345833 0.075000 0.062500
0 0.284375 0.083333 0.050000 0.070833
0 0.162500 0.070833 0.084375 0.070833
0 0.128125 0.045833 0.043750 0.050000
0 0.037500 0.050000 0.043750 0.045833
0 0.062500 0.016667 0.059375 0.033333
0 0.346875 0.058333 0.075000 0.058333
0 0.356250 0.008333 0.059375 0.025000
0 0.571875 0.075000 0.059375 0.062500
0 0.578125 0.191667 0.146875 0.075000
0 0.850000 0.133333 0.059375 0.120833
0 0.850000 0.025000 0.075000 0.050000
0 0.918750 0.091667 0.068750 0.108333
