0 0.390625 0.008333 0.031250 0.025000
0 0.412500 0.025000 0.025000 0.041667
0 0.209375 0.020833 0.037500 0.045833
0 0.309375 0.050000 0.021875 0.033333
0 0.346875 0.054167 0.021875 0.041667
0 0.134375 0.008333 0.050000 0.016667
0 0.012500 0.029167 0.031250 0.054167
0 0.059375 0.033333 0.021875 0.045833
0 0.018750 0.337500 0.037500 0.041667
0 0.012500 0.416667 0.025000 0.062500
0 0.046875 0.425000 0.040625 0.058333
0 0.040625 0.495833 0.034375 0.050000
0 0.021875 0.829167 0.043750 0.041667
0 0.015625 0.895833 0.034375 0.050000
0 0.015625 0.983333 0.034375 0.029167
0 0.046875 0.925000 0.025000 0.050000
0 0.068750 0.870833 0.028125 0.054167
0 0.140625 0.887500 0.053125 0.041667
0 0.121875 0.845833 0.053125 0.033333
0 0.093750 0.795833 0.053125 0.041667
0 0.103125 0.720833 0.046875 0.045833
0 0.134375 0.670833 0.037500 0.037500
0 0.093750 0.629167 0.037500 0.041667
0 0.078125 0.566667 0.043750 0.058333
0 0.028125 0.562500 0.037500 0.041667
0 0.031250 0.658333 0.037500 0.033333
0 0.193750 0.654167 0.046875 0.045833
0 0.165625 0.612500 0.034375 0.037500
0 0.143750 0.583333 0.028125 0.062500
0 0.128125 0.520833 0.028125 0.045833
0 0.081250 0.158333 0.021875 0.070833
0 0.134375 0.141667 0.043750 0.045833
0 0.156250 0.254167 0.046875 0.079167
0 0.134375 0.358333 0.021875 0.066667
0 0.165625 0.387500 0.025000 0.083333
0 0.168750 0.470833 0.034375 0.033333
0 0.184375 0.533333 0.031250 0.058333
0 0.228125 0.495833 0.040625 0.050000
0 0.262500 0.470833 0.034375 0.041667
0 0.231250 0.420833 0.068750 0.033333
0 0.253125 0.375000 0.040625 0.041667
0 0.225000 0.229167 0.043750 0.050000
0 0.253125 0.029167 0.034375 0.045833
0 0.275000 0.091667 0.028125 0.041667
0 0.265625 0.154167 0.031250 0.045833
0 0.309375 0.154167 0.012500 0.062500
0 0.340625 0.150000 0.034375 0.070833
0 0.400000 0.104167 0.028125 0.033333
0 0.362500 0.079167 0.018750 0.050000
0 0.406250 0.062500 0.040625 0.045833
0 0.443750 0.041667 0.031250 0.054167
0 0.481250 0.016667 0.040625 0.037500
0 0.493750 0.054167 0.034375 0.045833
0 0.493750 0.104167 0.034375 0.050000
0 0.553125 0.029167 0.025000 0.066667
0 0.578125 0.083333 0.031250 0.050000
0 0.596875 0.041667 0.034375 0.050000
0 0.653125 0.095833 0.015625 0.045833
0 0.665625 0.116667 0.025000 0.058333
0 0.618750 0.120833 0.031250 0.054167
0 0.559375 0.133333 0.050000 0.041667
0 0.446875 0.141667 0.021875 0.070833
0 0.412500 0.129167 0.031250 0.058333
0 0.381250 0.158333 0.025000 0.045833
0 0.362500 0.204167 0.028125 0.041667
0 0.409375 0.204167 0.025000 0.045833
0 0.421875 0.241667 0.037500 0.066667
0 0.371875 0.258333 0.028125 0.050000
0 0.350000 0.308333 0.034375 0.050000
0 0.346875 0.354167 0.043750 0.045833
0 0.415625 0.329167 0.031250 0.045833
0 0.462500 0.295833 0.034375 0.045833
0 0.503125 0.270833 0.046875 0.041667
0 0.493750 0.208333 0.031250 0.045833
0 0.471875 0.404167 0.037500 0.041667
0 0.459375 0.441667 0.050000 0.037500
0 0.443750 0.475000 0.046875 0.020833
0 0.437500 0.508333 0.037500 0.050000
0 0.353125 0.416667 0.053125 0.020833
0 0.303125 0.433333 0.034375 0.045833
0 0.303125 0.545833 0.037500 0.033333
0 0.353125 0.658333 0.031250 0.045833
0 0.396875 0.600000 0.043750 0.054167
0 0.209375 0.770833 0.050000 0.041667
0 0.175000 0.820833 0.040625 0.054167
0 0.246875 0.858333 0.037500 0.058333
0 0.237500 0.762500 0.031250 0.050000
0 0.265625 0.762500 0.028125 0.050000
0 0.306250 0.770833 0.034375 0.033333
0 0.346875 0.750000 0.034375 0.058333
0 0.306250 0.850000 0.040625 0.066667
0 0.343750 0.870833 0.034375 0.062500
0 0.412500 0.891667 0.025000 0.025000
0 0.400000 0.845833 0.034375 0.020833
0 0.400000 0.958333 0.040625 0.045833
0 0.478125 0.925000 0.043750 0.033333
0 0.437500 0.795833 0.046875 0.029167
0 0.496875 0.812500 0.037500 0.058333
0 0.550000 0.950000 0.040625 0.050000
0 0.571875 0.929167 0.037500 0.045833
0 0.581250 0.870833 0.043750 0.016667
0 0.534375 0.854167 0.075000 0.033333
0 0.559375 0.820833 0.050000 0.045833
0 0.503125 0.712500 0.043750 0.054167
0 0.500000 0.645833 0.031250 0.050000
0 0.453125 0.637500 0.046875 0.070833
0 0.462500 0.558333 0.028125 0.058333
0 0.534375 0.504167 0.043750 0.041667
0 0.550000 0.545833 0.040625 0.041667
0 0.615625 0.437500 0.018750 0.058333
0 0.571875 0.445833 0.037500 0.062500
0 0.581250 0.370833 0.059375 0.050000
0 0.571875 0.316667 0.018750 0.041667
0 0.537500 0.295833 0.018750 0.054167
0 0.565625 0.254167 0.037500 0.037500
0 0.593750 0.170833 0.046875 0.041667
0 0.628125 0.229167 0.037500 0.037500
0 0.656250 0.183333 0.031250 0.037500
0 0.731250 0.075000 0.062500 0.050000
0 0.787500 0.091667 0.040625 0.033333
0 0.815625 0.016667 0.025000 0.033333
0 0.906250 0.025000 0.053125 0.041667
0 0.900000 0.070833 0.031250 0.041667
0 0.850000 0.075000 0.031250 0.037500
0 0.884375 0.116667 0.028125 0.054167
0 0.865625 0.154167 0.037500 0.037500
0 0.834375 0.175000 0.028125 0.058333
0 0.781250 0.204167 0.040625 0.058333
0 0.728125 0.179167 0.021875 0.045833
0 0.681250 0.212500 0.046875 0.041667
0 0.706250 0.262500 0.062500 0.037500
0 0.703125 0.312500 0.043750 0.033333
0 0.625000 0.270833 0.031250 0.037500
0 0.662500 0.312500 0.021875 0.037500
0 0.665625 0.391667 0.025000 0.050000
0 0.643750 0.462500 0.040625 0.054167
0 0.668750 0.479167 0.031250 0.050000
0 0.656250 0.541667 0.018750 0.070833
0 0.612500 0.545833 0.043750 0.050000
0 0.556250 0.625000 0.031250 0.045833
0 0.596875 0.641667 0.018750 0.058333
0 0.559375 0.725000 0.034375 0.062500
0 0.587500 0.716667 0.040625 0.033333
0 0.625000 0.704167 0.037500 0.041667
0 0.618750 0.791667 0.031250 0.025000
0 0.668750 0.762500 0.015625 0.045833
0 0.703125 0.754167 0.034375 0.029167
0 0.693750 0.808333 0.025000 0.062500
0 0.678125 0.900000 0.031250 0.054167
0 0.687500 0.695833 0.034375 0.050000
0 0.653125 0.625000 0.025000 0.037500
0 0.709375 0.654167 0.053125 0.041667
0 0.728125 0.608333 0.040625 0.025000
0 0.715625 0.512500 0.028125 0.045833
0 0.731250 0.483333 0.034375 0.041667
0 0.715625 0.400000 0.031250 0.033333
0 0.743750 0.350000 0.053125 0.041667
0 0.781250 0.333333 0.034375 0.037500
0 0.815625 0.279167 0.028125 0.041667
0 0.868750 0.225000 0.031250 0.045833
0 0.931250 0.208333 0.031250 0.045833
0 0.931250 0.133333 0.025000 0.025000
0 0.884375 0.325000 0.028125 0.054167
0 0.921875 0.345833 0.028125 0.075000
0 0.884375 0.395833 0.025000 0.054167
0 0.821875 0.362500 0.034375 0.054167
0 0.762500 0.441667 0.046875 0.037500
0 0.812500 0.429167 0.037500 0.045833
0 0.768750 0.529167 0.031250 0.079167
0 0.800000 0.516667 0.034375 0.041667
0 0.868750 0.458333 0.037500 0.062500
0 0.856250 0.529167 0.025000 0.045833
0 0.887500 0.554167 0.037500 0.045833
0 0.831250 0.612500 0.025000 0.041667
0 0.787500 0.645833 0.021875 0.058333
0 0.762500 0.691667 0.025000 0.062500
0 0.781250 0.741667 0.034375 0.062500
0 0.734375 0.816667 0.040625 0.033333
0 0.825000 0.754167 0.028125 0.050000
0 0.837500 0.683333 0.034375 0.041667
0 0.721875 0.937500 0.040625 0.066667
0 0.784375 0.841667 0.018750 0.045833
0 0.800000 0.883333 0.018750 0.050000
0 0.850000 0.816667 0.031250 0.050000
0 0.856250 0.904167 0.028125 0.033333
0 0.915625 0.895833 0.034375 0.025000
0 0.909375 0.945833 0.043750 0.037500
0 0.962500 0.975000 0.028125 0.045833
0 0.971875 0.950000 0.040625 0.045833
0 0.968750 0.737500 0.028125 0.058333
0 0.950000 0.700000 0.028125 0.050000
0 0.906250 0.695833 0.031250 0.045833
0 0.871875 0.745833 0.037500 0.041667
0 0.931250 0.575000 0.043750 0.045833
0 0.928125 0.479167 0.028125 0.050000
0 0.965625 0.445833 0.034375 0.050000
0 0.984375 0.404167 0.028125 0.041667
0 0.968750 0.341667 0.018750 0.037500
0 0.987500 0.270833 0.021875 0.050000
0 0.975000 0.545833 0.037500 0.083333
0 0.956250 0.633333 0.031250 0.041667
