0 0.978125 0.883333 0.046875 0.075000
0 0.959375 0.758333 0.053125 0.050000
0 0.946875 0.816667 0.037500 0.041667
0 0.934375 0.858333 0.040625 0.050000
0 0.912500 0.929167 0.021875 0.033333
0 0.887500 0.954167 0.040625 0.045833
0 0.850000 0.916667 0.031250 0.058333
0 0.834375 0.966667 0.031250 0.050000
0 0.790625 0.970833 0.025000 0.041667
0 0.865625 0.845833 0.028125 0.058333
0 0.821875 0.845833 0.034375 0.095833
0 0.831250 0.783333 0.021875 0.075000
0 0.971875 0.600000 0.043750 0.058333
0 0.981250 0.516667 0.031250 0.033333
0 0.990625 0.454167 0.015625 0.083333
0 0.968750 0.066667 0.034375 0.033333
0 0.968750 0.120833 0.028125 0.033333
0 0.981250 0.154167 0.031250 0.050000
0 0.878125 0.770833 0.018750 0.037500
0 0.896875 0.737500 0.040625 0.066667
0 0.931250 0.716667 0.046875 0.029167
0 0.912500 0.679167 0.034375 0.033333
0 0.859375 0.687500 0.034375 0.041667
0 0.840625 0.654167 0.053125 0.037500
0 0.871875 0.612500 0.056250 0.037500
0 0.956250 0.458333 0.021875 0.054167
0 0.931250 0.420833 0.028125 0.087500
0 0.878125 0.383333 0.025000 0.045833
0 0.840625 0.391667 0.037500 0.045833
0 0.778125 0.575000 0.031250 0.062500
0 0.790625 0.525000 0.028125 0.062500
0 0.803125 0.725000 0.040625 0.045833
0 0.778125 0.766667 0.037500 0.037500
0 0.765625 0.825000 0.050000 0.041667
0 0.734375 0.887500 0.025000 0.062500
0 0.753125 0.954167 0.050000 0.041667
0 0.728125 0.729167 0.031250 0.037500
0 0.718750 0.816667 0.025000 0.058333
0 0.712500 0.870833 0.034375 0.041667
0 0.703125 0.783333 0.025000 0.045833
0 0.731250 0.583333 0.046875 0.033333
0 0.715625 0.562500 0.050000 0.025000
0 0.715625 0.525000 0.034375 0.045833
0 0.737500 0.483333 0.037500 0.058333
0 0.778125 0.420833 0.018750 0.058333
0 0.806250 0.283333 0.031250 0.066667
0 0.850000 0.283333 0.037500 0.062500
0 0.903125 0.262500 0.037500 0.037500
0 0.906250 0.191667 0.037500 0.045833
0 0.940625 0.179167 0.040625 0.054167
0 0.931250 0.108333 0.025000 0.050000
0 0.915625 0.058333 0.043750 0.054167
0 0.915625 0.012500 0.028125 0.025000
0 0.843750 0.075000 0.031250 0.058333
0 0.821875 0.112500 0.025000 0.066667
0 0.853125 0.150000 0.034375 0.066667
0 0.890625 0.125000 0.028125 0.050000
0 0.800000 0.187500 0.021875 0.050000
0 0.796875 0.041667 0.040625 0.054167
0 0.750000 0.025000 0.040625 0.045833
0 0.728125 0.075000 0.040625 0.050000
0 0.725000 0.145833 0.031250 0.050000
0 0.740625 0.208333 0.040625 0.033333
0 0.737500 0.266667 0.043750 0.045833
0 0.693750 0.308333 0.043750 0.037500
0 0.693750 0.250000 0.040625 0.054167
0 0.656250 0.245833 0.043750 0.041667
0 0.640625 0.283333 0.043750 0.037500
0 0.690625 0.191667 0.040625 0.050000
0 0.675000 0.166667 0.046875 0.054167
0 0.621875 0.183333 0.031250 0.033333
0 0.625000 0.120833 0.028125 0.058333
0 0.662500 0.087500 0.046875 0.066667
0 0.690625 0.029167 0.037500 0.041667
0 0.600000 0.025000 0.025000 0.050000
0 0.650000 0.016667 0.028125 0.037500
0 0.609375 0.066667 0.043750 0.041667
0 0.553125 0.050000 0.046875 0.037500
0 0.496875 0.041667 0.037500 0.058333
0 0.531250 0.112500 0.021875 0.033333
0 0.509375 0.175000 0.034375 0.050000
0 0.509375 0.241667 0.034375 0.058333
0 0.740625 0.358333 0.053125 0.033333
0 0.675000 0.395833 0.025000 0.033333
0 0.712500 0.420833 0.034375 0.037500
0 0.678125 0.466667 0.037500 0.037500
0 0.625000 0.429167 0.025000 0.037500
0 0.578125 0.429167 0.025000 0.087500
0 0.590625 0.512500 0.025000 0.037500
0 0.628125 0.562500 0.050000 0.050000
0 0.671875 0.595833 0.021875 0.075000
0 0.628125 0.629167 0.040625 0.045833
0 0.593750 0.620833 0.025000 0.041667
0 0.565625 0.625000 0.025000 0.033333
0 0.528125 0.629167 0.031250 0.050000
0 0.534375 0.683333 0.034375 0.050000
0 0.612500 0.675000 0.040625 0.025000
0 0.671875 0.695833 0.050000 0.037500
0 0.659375 0.741667 0.040625 0.033333
0 0.621875 0.720833 0.056250 0.070833
0 0.606250 0.800000 0.031250 0.062500
0 0.640625 0.812500 0.043750 0.100000
0 0.668750 0.820833 0.028125 0.016667
0 0.662500 0.866667 0.034375 0.054167
0 0.628125 0.904167 0.053125 0.037500
0 0.628125 0.950000 0.046875 0.079167
0 0.021875 0.908333 0.043750 0.050000
0 0.118750 0.916667 0.037500 0.058333
0 0.093750 0.854167 0.034375 0.041667
0 0.087500 0.754167 0.034375 0.054167
0 0.131250 0.762500 0.034375 0.070833
0 0.146875 0.800000 0.037500 0.054167
0 0.168750 0.858333 0.043750 0.045833
0 0.184375 0.912500 0.040625 0.041667
0 0.259375 0.950000 0.040625 0.054167
0 0.312500 0.958333 0.031250 0.054167
0 0.350000 0.975000 0.028125 0.045833
0 0.400000 0.979167 0.037500 0.037500
0 0.428125 0.970833 0.034375 0.045833
0 0.443750 0.925000 0.037500 0.058333
0 0.484375 0.975000 0.040625 0.041667
0 0.534375 0.945833 0.037500 0.037500
0 0.590625 0.875000 0.034375 0.058333
0 0.553125 0.883333 0.040625 0.045833
0 0.518750 0.887500 0.037500 0.037500
0 0.471875 0.875000 0.034375 0.050000
0 0.525000 0.833333 0.028125 0.045833
0 0.509375 0.795833 0.040625 0.062500
0 0.559375 0.737500 0.028125 0.075000
0 0.512500 0.687500 0.050000 0.045833
0 0.487500 0.716667 0.034375 0.041667
0 0.465625 0.779167 0.037500 0.054167
0 0.440625 0.800000 0.053125 0.037500
0 0.406250 0.862500 0.021875 0.062500
0 0.387500 0.891667 0.025000 0.066667
0 0.362500 0.920833 0.015625 0.041667
0 0.343750 0.904167 0.037500 0.062500
0 0.228125 0.816667 0.031250 0.029167
0 0.025000 0.641667 0.037500 0.029167
0 0.046875 0.550000 0.037500 0.058333
0 0.006250 0.541667 0.015625 0.054167
0 0.009375 0.470833 0.025000 0.066667
0 0.056250 0.479167 0.050000 0.050000
0 0.075000 0.425000 0.034375 0.041667
0 0.109375 0.370833 0.025000 0.079167
0 0.134375 0.341667 0.034375 0.050000
0 0.187500 0.312500 0.043750 0.045833
0 0.234375 0.295833 0.062500 0.041667
0 0.203125 0.395833 0.031250 0.058333
0 0.184375 0.458333 0.040625 0.050000
0 0.221875 0.537500 0.046875 0.058333
0 0.196875 0.666667 0.028125 0.037500
0 0.212500 0.708333 0.037500 0.050000
0 0.237500 0.633333 0.028125 0.033333
0 0.262500 0.750000 0.043750 0.050000
0 0.315625 0.716667 0.037500 0.045833
0 0.315625 0.754167 0.037500 0.066667
0 0.328125 0.854167 0.031250 0.054167
0 0.368750 0.837500 0.031250 0.045833
0 0.346875 0.775000 0.021875 0.054167
0 0.406250 0.795833 0.025000 0.045833
0 0.418750 0.745833 0.015625 0.066667
0 0.437500 0.695833 0.021875 0.058333
0 0.393750 0.725000 0.025000 0.041667
0 0.393750 0.691667 0.021875 0.058333
0 0.346875 0.691667 0.031250 0.066667
0 0.312500 0.650000 0.040625 0.050000
0 0.303125 0.604167 0.046875 0.041667
0 0.328125 0.554167 0.043750 0.041667
0 0.384375 0.570833 0.037500 0.020833
0 0.371875 0.625000 0.028125 0.050000
0 0.406250 0.625000 0.037500 0.037500
0 0.465625 0.658333 0.037500 0.029167
0 0.450000 0.629167 0.056250 0.037500
0 0.465625 0.591667 0.037500 0.045833
0 0.428125 0.566667 0.028125 0.062500
0 0.478125 0.554167 0.034375 0.062500
0 0.487500 0.504167 0.031250 0.045833
0 0.531250 0.483333 0.037500 0.041667
0 0.512500 0.441667 0.037500 0.054167
0 0.500000 0.379167 0.031250 0.054167
0 0.443750 0.445833 0.062500 0.033333
0 0.421875 0.475000 0.037500 0.054167
0 0.296875 0.495833 0.031250 0.029167
0 0.309375 0.433333 0.053125 0.050000
0 0.265625 0.383333 0.031250 0.041667
0 0.309375 0.383333 0.021875 0.075000
0 0.340625 0.379167 0.031250 0.045833
0 0.368750 0.458333 0.040625 0.062500
0 0.387500 0.395833 0.040625 0.041667
0 0.437500 0.395833 0.053125 0.029167
0 0.481250 0.354167 0.037500 0.033333
0 0.487500 0.308333 0.043750 0.041667
0 0.450000 0.287500 0.031250 0.050000
0 0.593750 0.245833 0.053125 0.041667
0 0.443750 0.145833 0.050000 0.041667
0 0.465625 0.183333 0.028125 0.050000
0 0.437500 0.191667 0.034375 0.050000
0 0.384375 0.225000 0.046875 0.050000
0 0.393750 0.300000 0.028125 0.062500
0 0.362500 0.279167 0.031250 0.079167
0 0.334375 0.275000 0.031250 0.083333
0 0.296875 0.300000 0.031250 0.050000
0 0.012500 0.345833 0.028125 0.075000
0 0.065625 0.358333 0.025000 0.041667
0 0.043750 0.325000 0.025000 0.041667
0 0.068750 0.300000 0.046875 0.041667
0 0.125000 0.279167 0.025000 0.045833
0 0.046875 0.258333 0.025000 0.041667
0 0.018750 0.200000 0.037500 0.041667
0 0.031250 0.137500 0.025000 0.045833
0 0.034375 0.095833 0.028125 0.058333
0 0.068750 0.237500 0.037500 0.037500
0 0.100000 0.216667 0.037500 0.050000
0 0.106250 0.179167 0.028125 0.037500
0 0.171875 0.250000 0.028125 0.050000
0 0.159375 0.195833 0.037500 0.062500
0 0.237500 0.208333 0.053125 0.045833
0 0.309375 0.179167 0.040625 0.054167
0 0.325000 0.108333 0.056250 0.041667
0 0.331250 0.070833 0.031250 0.045833
0 0.315625 0.037500 0.031250 0.054167
0 0.284375 0.075000 0.040625 0.066667
0 0.240625 0.158333 0.031250 0.054167
0 0.212500 0.141667 0.037500 0.041667
0 0.175000 0.145833 0.050000 0.062500
0 0.103125 0.133333 0.056250 0.054167
0 0.065625 0.120833 0.031250 0.075000
0 0.059375 0.029167 0.040625 0.045833
0 0.103125 0.062500 0.021875 0.033333
0 0.140625 0.087500 0.037500 0.037500
0 0.175000 0.062500 0.043750 0.058333
0 0.215625 0.054167 0.031250 0.037500
0 0.228125 0.083333 0.046875 0.029167
0 0.259375 0.016667 0.053125 0.033333
0 0.187500 0.012500 0.025000 0.025000
0 0.143750 0.025000 0.012500 0.029167
0 0.396875 0.041667 0.031250 0.045833
0 0.850000 0.508333 0.031250 0.041667
0 0.746875 0.641667 0.040625 0.066667
0 0.559375 0.345833 0.037500 0.037500
0 0.443750 0.020833 0.037500 0.050000
0 0.378125 0.016667 0.021875 0.037500
0 0.050000 0.979167 0.059375 0.033333
