0 0.700000 0.016667 0.059375 0.041667
0 0.546875 0.020833 0.046875 0.050000
0 0.465625 0.020833 0.040625 0.045833
0 0.059375 0.283333 0.093750 0.091667
0 0.112500 0.191667 0.046875 0.075000
0 0.168750 0.187500 0.053125 0.066667
0 0.021875 0.583333 0.046875 0.050000
0 0.034375 0.725000 0.043750 0.070833
0 0.034375 0.783333 0.043750 0.091667
0 0.028125 0.904167 0.059375 0.062500
0 0.168750 0.504167 0.084375 0.137500
0 0.243750 0.312500 0.046875 0.070833
0 0.221875 0.179167 0.043750 0.129167
0 0.303125 0.041667 0.053125 0.066667
0 0.290625 0.104167 0.043750 0.100000
0 0.359375 0.162500 0.068750 0.104167
0 0.368750 0.066667 0.059375 0.070833
0 0.393750 0.037500 0.059375 0.075000
0 0.446875 0.104167 0.056250 0.104167
0 0.528125 0.141667 0.065625 0.125000
0 0.578125 0.045833 0.034375 0.095833
0 0.700000 0.166667 0.034375 0.095833
0 0.653125 0.320833 0.053125 0.095833
0 0.712500 0.341667 0.062500 0.070833
0 0.525000 0.329167 0.068750 0.054167
0 0.450000 0.329167 0.071875 0.112500
0 0.318750 0.400000 0.112500 0.058333
0 0.309375 0.487500 0.046875 0.129167
0 0.315625 0.587500 0.043750 0.062500
0 0.253125 0.616667 0.062500 0.079167
0 0.384375 0.533333 0.059375 0.079167
0 0.534375 0.491667 0.087500 0.070833
0 0.493750 0.625000 0.053125 0.091667
0 0.490625 0.741667 0.046875 0.075000
0 0.440625 0.920833 0.062500 0.116667
0 0.337500 0.962500 0.050000 0.070833
0 0.615625 0.933333 0.062500 0.062500
0 0.696875 0.975000 0.053125 0.045833
0 0.778125 0.966667 0.062500 0.058333
0 0.821875 0.950000 0.053125 0.095833
0 0.834375 0.866667 0.053125 0.079167
0 0.825000 0.783333 0.046875 0.100000
0 0.759375 0.895833 0.046875 0.070833
0 0.912500 0.704167 0.046875 0.079167
0 0.956250 0.791667 0.056250 0.058333
0 0.981250 0.891667 0.037500 0.112500
0 0.853125 0.608333 0.053125 0.091667
0 0.759375 0.579167 0.087500 0.058333
0 0.778125 0.683333 0.062500 0.050000
0 0.715625 0.741667 0.062500 0.070833
0 0.606250 0.745833 0.059375 0.120833
0 0.550000 0.662500 0.056250 0.091667
0 0.603125 0.633333 0.065625 0.070833
0 0.646875 0.591667 0.059375 0.070833
0 0.706250 0.545833 0.059375 0.070833
0 0.703125 0.616667 0.046875 0.066667
0 0.721875 0.654167 0.056250 0.075000
0 0.881250 0.408333 0.071875 0.091667
0 0.900000 0.220833 0.065625 0.083333
0 0.925000 0.087500 0.059375 0.083333
0 0.981250 0.150000 0.034375 0.062500
0 0.962500 0.233333 0.053125 0.070833
