0 0.043750 0.141667 0.056250 0.054167
0 0.021875 0.329167 0.046875 0.087500
0 0.040625 0.229167 0.046875 0.062500
0 0.103125 0.387500 0.068750 0.058333
0 0.150000 0.300000 0.056250 0.066667
0 0.078125 0.020833 0.059375 0.045833
0 0.206250 0.020833 0.065625 0.041667
0 0.153125 0.066667 0.028125 0.095833
0 0.228125 0.158333 0.056250 0.066667
0 0.284375 0.162500 0.043750 0.070833
0 0.253125 0.233333 0.071875 0.079167
0 0.209375 0.329167 0.065625 0.091667
0 0.181250 0.400000 0.043750 0.070833
0 0.175000 0.470833 0.056250 0.066667
0 0.196875 0.529167 0.115625 0.062500
0 0.243750 0.458333 0.046875 0.045833
0 0.412500 0.100000 0.090625 0.125000
0 0.459375 0.391667 0.093750 0.079167
0 0.365625 0.437500 0.062500 0.041667
0 0.362500 0.470833 0.050000 0.045833
0 0.306250 0.512500 0.065625 0.058333
0 0.337500 0.550000 0.043750 0.050000
0 0.171875 0.729167 0.078125 0.091667
0 0.212500 0.662500 0.068750 0.079167
0 0.059375 0.887500 0.090625 0.058333
0 0.140625 0.883333 0.068750 0.075000
0 0.265625 0.829167 0.062500 0.075000
0 0.209375 0.962500 0.034375 0.066667
0 0.412500 0.891667 0.040625 0.095833
0 0.378125 0.841667 0.043750 0.079167
0 0.384375 0.779167 0.043750 0.054167
0 0.393750 0.679167 0.056250 0.083333
0 0.450000 0.733333 0.062500 0.050000
0 0.443750 0.583333 0.062500 0.075000
0 0.490625 0.537500 0.075000 0.079167
0 0.637500 0.466667 0.053125 0.079167
0 0.712500 0.304167 0.071875 0.104167
0 0.712500 0.504167 0.056250 0.075000
0 0.759375 0.379167 0.050000 0.095833
0 0.843750 0.458333 0.068750 0.075000
0 0.950000 0.450000 0.046875 0.062500
0 0.790625 0.545833 0.075000 0.054167
0 0.784375 0.650000 0.050000 0.075000
0 0.850000 0.587500 0.050000 0.066667
0 0.828125 0.762500 0.037500 0.075000
0 0.968750 0.637500 0.056250 0.087500
0 0.525000 0.245833 0.090625 0.066667
0 0.578125 0.120833 0.065625 0.058333
0 0.628125 0.141667 0.065625 0.066667
0 0.625000 0.066667 0.075000 0.045833
0 0.706250 0.050000 0.050000 0.091667
0 0.756250 0.025000 0.059375 0.050000
0 0.900000 0.204167 0.078125 0.079167
0 0.928125 0.291667 0.087500 0.058333
0 0.609375 0.845833 0.056250 0.104167
0 0.740625 0.841667 0.043750 0.054167
0 0.937500 0.900000 0.037500 0.066667
