0 0.084375 0.029167 0.034375 0.045833
0 0.018750 0.062500 0.037500 0.041667
0 0.259375 0.029167 0.034375 0.045833
0 0.371875 0.012500 0.028125 0.029167
0 0.415625 0.058333 0.034375 0.033333
0 0.537500 0.037500 0.025000 0.050000
0 0.596875 0.008333 0.015625 0.025000
0 0.656250 0.016667 0.025000 0.041667
0 0.703125 0.025000 0.031250 0.033333
0 0.753125 0.016667 0.034375 0.033333
0 0.812500 0.029167 0.025000 0.033333
0 0.865625 0.016667 0.025000 0.037500
0 0.934375 0.020833 0.037500 0.045833
0 0.984375 0.050000 0.025000 0.045833
0 0.196875 0.070833 0.034375 0.054167
0 0.190625 0.145833 0.037500 0.058333
0 0.237500 0.179167 0.025000 0.054167
0 0.259375 0.141667 0.056250 0.045833
0 0.209375 0.237500 0.025000 0.070833
0 0.178125 0.254167 0.031250 0.066667
0 0.128125 0.216667 0.031250 0.050000
0 0.043750 0.325000 0.034375 0.058333
0 0.065625 0.375000 0.056250 0.079167
0 0.290625 0.212500 0.034375 0.050000
0 0.296875 0.308333 0.037500 0.041667
0 0.268750 0.379167 0.043750 0.066667
0 0.353125 0.245833 0.031250 0.050000
0 0.390625 0.216667 0.046875 0.062500
0 0.446875 0.204167 0.037500 0.058333
0 0.471875 0.100000 0.050000 0.058333
0 0.478125 0.175000 0.028125 0.050000
0 0.512500 0.229167 0.021875 0.062500
0 0.478125 0.275000 0.046875 0.041667
0 0.437500 0.312500 0.040625 0.079167
0 0.400000 0.291667 0.021875 0.070833
0 0.306250 0.404167 0.028125 0.033333
0 0.287500 0.450000 0.046875 0.062500
0 0.340625 0.433333 0.046875 0.066667
0 0.353125 0.479167 0.034375 0.041667
0 0.153125 0.550000 0.046875 0.058333
0 0.178125 0.712500 0.043750 0.045833
0 0.246875 0.691667 0.037500 0.050000
0 0.300000 0.662500 0.037500 0.045833
0 0.340625 0.733333 0.037500 0.050000
0 0.381250 0.741667 0.040625 0.058333
0 0.400000 0.679167 0.037500 0.033333
0 0.468750 0.445833 0.034375 0.045833
0 0.487500 0.508333 0.021875 0.041667
0 0.503125 0.345833 0.025000 0.029167
0 0.546875 0.279167 0.031250 0.050000
0 0.553125 0.150000 0.025000 0.062500
0 0.584375 0.125000 0.037500 0.050000
0 0.621875 0.087500 0.037500 0.045833
0 0.712500 0.108333 0.043750 0.041667
0 0.725000 0.133333 0.043750 0.050000
0 0.684375 0.187500 0.031250 0.033333
0 0.775000 0.058333 0.037500 0.050000
0 0.878125 0.083333 0.053125 0.045833
0 0.865625 0.137500 0.043750 0.041667
0 0.809375 0.141667 0.034375 0.058333
0 0.781250 0.125000 0.037500 0.050000
0 0.796875 0.204167 0.037500 0.029167
0 0.750000 0.208333 0.043750 0.045833
0 0.734375 0.275000 0.040625 0.045833
0 0.687500 0.266667 0.037500 0.062500
0 0.650000 0.300000 0.034375 0.066667
0 0.615625 0.312500 0.031250 0.070833
0 0.587500 0.345833 0.040625 0.041667
0 0.603125 0.395833 0.046875 0.045833
0 0.590625 0.487500 0.040625 0.108333
0 0.590625 0.600000 0.046875 0.075000
0 0.693750 0.350000 0.021875 0.033333
0 0.746875 0.337500 0.043750 0.050000
0 0.796875 0.262500 0.028125 0.045833
0 0.853125 0.233333 0.037500 0.041667
0 0.906250 0.220833 0.046875 0.041667
0 0.918750 0.141667 0.028125 0.058333
0 0.962500 0.083333 0.025000 0.037500
0 0.978125 0.145833 0.043750 0.083333
0 0.975000 0.229167 0.034375 0.033333
0 0.962500 0.283333 0.037500 0.050000
0 0.893750 0.266667 0.021875 0.050000
0 0.940625 0.345833 0.034375 0.058333
0 0.962500 0.379167 0.031250 0.045833
0 0.821875 0.354167 0.031250 0.045833
0 0.837500 0.404167 0.034375 0.050000
0 0.881250 0.412500 0.031250 0.075000
0 0.853125 0.466667 0.025000 0.058333
0 0.790625 0.416667 0.021875 0.045833
0 0.759375 0.379167 0.040625 0.045833
0 0.712500 0.416667 0.040625 0.054167
0 0.706250 0.470833 0.062500 0.041667
0 0.918750 0.454167 0.037500 0.045833
0 0.946875 0.454167 0.037500 0.050000
0 0.915625 0.520833 0.046875 0.075000
0 0.856250 0.541667 0.053125 0.054167
0 0.778125 0.537500 0.062500 0.070833
0 0.728125 0.537500 0.056250 0.070833
0 0.740625 0.654167 0.034375 0.045833
0 0.853125 0.616667 0.053125 0.062500
0 0.778125 0.670833 0.037500 0.037500
0 0.759375 0.708333 0.037500 0.045833
0 0.715625 0.725000 0.025000 0.054167
0 0.687500 0.741667 0.031250 0.062500
0 0.662500 0.687500 0.031250 0.037500
0 0.628125 0.800000 0.037500 0.058333
0 0.565625 0.825000 0.037500 0.033333
0 0.565625 0.904167 0.050000 0.037500
0 0.593750 0.954167 0.037500 0.058333
0 0.562500 0.950000 0.034375 0.045833
0 0.525000 0.970833 0.025000 0.037500
0 0.484375 0.970833 0.031250 0.050000
0 0.496875 0.804167 0.037500 0.033333
0 0.434375 0.766667 0.031250 0.050000
0 0.406250 0.804167 0.053125 0.045833
0 0.428125 0.862500 0.037500 0.050000
0 0.409375 0.937500 0.040625 0.041667
0 0.356250 0.862500 0.031250 0.041667
0 0.306250 0.841667 0.046875 0.054167
0 0.262500 0.829167 0.015625 0.091667
0 0.140625 0.754167 0.046875 0.075000
0 0.112500 0.862500 0.037500 0.050000
0 0.128125 0.925000 0.040625 0.041667
0 0.150000 0.979167 0.043750 0.037500
0 0.025000 0.966667 0.053125 0.062500
0 0.278125 0.966667 0.046875 0.058333
0 0.325000 0.962500 0.025000 0.058333
0 0.359375 0.975000 0.043750 0.045833
0 0.681250 0.966667 0.050000 0.054167
0 0.734375 0.975000 0.031250 0.045833
0 0.728125 0.904167 0.028125 0.045833
0 0.728125 0.812500 0.034375 0.045833
0 0.768750 0.866667 0.046875 0.033333
0 0.806250 0.775000 0.031250 0.041667
0 0.815625 0.700000 0.028125 0.050000
0 0.859375 0.708333 0.040625 0.054167
0 0.900000 0.745833 0.031250 0.045833
0 0.918750 0.787500 0.037500 0.045833
0 0.903125 0.866667 0.028125 0.054167
0 0.843750 0.820833 0.037500 0.045833
0 0.784375 0.950000 0.025000 0.045833
0 0.821875 0.925000 0.037500 0.041667
0 0.887500 0.950000 0.034375 0.050000
0 0.928125 0.925000 0.034375 0.041667
0 0.962500 0.879167 0.025000 0.037500
0 0.971875 0.825000 0.040625 0.058333
0 0.975000 0.945833 0.037500 0.041667
0 0.975000 0.508333 0.015625 0.037500
0 0.968750 0.558333 0.031250 0.050000
0 0.981250 0.604167 0.034375 0.050000
