0 0.953125 0.020833 0.056250 0.045833
0 0.912500 0.100000 0.046875 0.050000
0 0.718750 0.016667 0.037500 0.033333
0 0.771875 0.029167 0.043750 0.066667
0 0.771875 0.075000 0.040625 0.079167
0 0.806250 0.083333 0.031250 0.066667
0 0.796875 0.208333 0.040625 0.066667
0 0.618750 0.016667 0.056250 0.033333
0 0.987500 0.395833 0.021875 0.070833
0 0.946875 0.412500 0.040625 0.075000
0 0.912500 0.387500 0.037500 0.062500
0 0.865625 0.654167 0.037500 0.058333
0 0.943750 0.887500 0.037500 0.062500
0 0.909375 0.941667 0.056250 0.058333
0 0.812500 0.745833 0.034375 0.062500
0 0.768750 0.954167 0.059375 0.058333
0 0.756250 0.720833 0.046875 0.054167
0 0.728125 0.695833 0.056250 0.075000
0 0.687500 0.758333 0.050000 0.062500
0 0.725000 0.583333 0.059375 0.087500
0 0.715625 0.329167 0.062500 0.091667
0 0.668750 0.129167 0.040625 0.070833
0 0.625000 0.141667 0.034375 0.079167
0 0.668750 0.179167 0.068750 0.058333
0 0.640625 0.495833 0.040625 0.075000
0 0.603125 0.575000 0.046875 0.083333
0 0.612500 0.662500 0.043750 0.075000
0 0.562500 0.812500 0.043750 0.075000
0 0.512500 0.745833 0.034375 0.062500
0 0.465625 0.758333 0.062500 0.070833
0 0.562500 0.620833 0.068750 0.058333
0 0.559375 0.516667 0.053125 0.050000
0 0.531250 0.491667 0.046875 0.062500
0 0.559375 0.395833 0.056250 0.079167
0 0.493750 0.450000 0.046875 0.070833
0 0.415625 0.500000 0.071875 0.075000
0 0.440625 0.416667 0.050000 0.070833
0 0.403125 0.395833 0.037500 0.058333
0 0.353125 0.312500 0.046875 0.087500
0 0.381250 0.675000 0.065625 0.041667
0 0.381250 0.816667 0.043750 0.075000
0 0.421875 0.962500 0.053125 0.070833
0 0.128125 0.029167 0.056250 0.058333
0 0.168750 0.091667 0.059375 0.066667
0 0.065625 0.200000 0.075000 0.075000
0 0.162500 0.279167 0.062500 0.070833
0 0.112500 0.291667 0.059375 0.054167
0 0.056250 0.325000 0.046875 0.054167
0 0.100000 0.350000 0.031250 0.058333
0 0.187500 0.345833 0.050000 0.050000
0 0.156250 0.366667 0.053125 0.050000
0 0.150000 0.400000 0.056250 0.058333
0 0.256250 0.370833 0.046875 0.070833
0 0.309375 0.404167 0.056250 0.070833
0 0.278125 0.529167 0.043750 0.062500
0 0.265625 0.591667 0.065625 0.054167
0 0.240625 0.650000 0.056250 0.058333
0 0.190625 0.779167 0.028125 0.083333
0 0.162500 0.958333 0.050000 0.075000
0 0.103125 0.954167 0.056250 0.070833
0 0.018750 0.466667 0.040625 0.062500
