0 0.962500 0.033333 0.053125 0.066667
0 0.962500 0.087500 0.050000 0.058333
0 0.850000 0.045833 0.046875 0.075000
0 0.562500 0.112500 0.056250 0.075000
0 0.478125 0.079167 0.059375 0.062500
0 0.321875 0.029167 0.071875 0.058333
0 0.262500 0.058333 0.068750 0.062500
0 0.168750 0.104167 0.046875 0.070833
0 0.303125 0.166667 0.062500 0.070833
0 0.440625 0.125000 0.043750 0.066667
0 0.300000 0.279167 0.071875 0.112500
0 0.200000 0.366667 0.068750 0.079167
0 0.490625 0.320833 0.068750 0.050000
0 0.831250 0.187500 0.053125 0.075000
0 0.668750 0.279167 0.062500 0.112500
0 0.737500 0.312500 0.090625 0.070833
0 0.903125 0.262500 0.034375 0.120833
0 0.828125 0.350000 0.056250 0.062500
0 0.893750 0.350000 0.050000 0.066667
0 0.678125 0.404167 0.056250 0.054167
0 0.734375 0.408333 0.071875 0.075000
0 0.793750 0.408333 0.062500 0.075000
0 0.843750 0.416667 0.046875 0.075000
0 0.962500 0.454167 0.071875 0.075000
0 0.928125 0.491667 0.078125 0.050000
0 0.981250 0.520833 0.031250 0.050000
0 0.537500 0.012500 0.021875 0.029167
0 0.193750 0.566667 0.050000 0.075000
0 0.190625 0.641667 0.043750 0.058333
0 0.278125 0.508333 0.043750 0.091667
0 0.378125 0.437500 0.056250 0.083333
0 0.471875 0.383333 0.059375 0.066667
0 0.431250 0.529167 0.043750 0.120833
0 0.484375 0.562500 0.046875 0.075000
0 0.537500 0.533333 0.081250 0.050000
0 0.650000 0.491667 0.056250 0.083333
0 0.762500 0.475000 0.056250 0.054167
0 0.853125 0.541667 0.059375 0.116667
0 0.812500 0.583333 0.034375 0.100000
0 0.846875 0.641667 0.040625 0.091667
0 0.743750 0.720833 0.118750 0.087500
0 0.746875 0.795833 0.115625 0.087500
0 0.587500 0.737500 0.078125 0.091667
0 0.596875 0.829167 0.056250 0.075000
0 0.409375 0.762500 0.078125 0.091667
0 0.284375 0.887500 0.071875 0.075000
0 0.412500 0.841667 0.065625 0.058333
0 0.506250 0.912500 0.071875 0.037500
0 0.509375 0.975000 0.053125 0.041667
0 0.109375 0.366667 0.106250 0.104167
