0 0.025000 0.433333 0.050000 0.087500
0 0.118750 0.170833 0.046875 0.087500
0 0.165625 0.083333 0.056250 0.079167
0 0.178125 0.166667 0.053125 0.083333
0 0.296875 0.058333 0.037500 0.054167
0 0.340625 0.050000 0.050000 0.058333
0 0.340625 0.162500 0.059375 0.070833
0 0.340625 0.225000 0.046875 0.062500
0 0.387500 0.129167 0.056250 0.041667
0 0.384375 0.200000 0.050000 0.041667
0 0.384375 0.250000 0.043750 0.058333
0 0.396875 0.295833 0.046875 0.075000
0 0.403125 0.350000 0.021875 0.075000
0 0.431250 0.300000 0.037500 0.070833
0 0.446875 0.262500 0.050000 0.070833
0 0.443750 0.187500 0.059375 0.058333
0 0.578125 0.079167 0.037500 0.066667
0 0.506250 0.204167 0.075000 0.079167
0 0.606250 0.129167 0.093750 0.104167
0 0.621875 0.208333 0.053125 0.075000
0 0.753125 0.120833 0.056250 0.058333
0 0.843750 0.108333 0.093750 0.091667
0 0.815625 0.208333 0.053125 0.062500
0 0.850000 0.191667 0.031250 0.058333
0 0.803125 0.158333 0.071875 0.033333
0 0.800000 0.108333 0.031250 0.083333
0 0.884375 0.495833 0.046875 0.079167
0 0.834375 0.537500 0.056250 0.087500
0 0.703125 0.304167 0.040625 0.045833
0 0.565625 0.287500 0.037500 0.045833
0 0.600000 0.308333 0.040625 0.066667
0 0.565625 0.429167 0.043750 0.154167
0 0.412500 0.483333 0.062500 0.066667
0 0.371875 0.387500 0.046875 0.050000
0 0.343750 0.379167 0.059375 0.050000
0 0.315625 0.316667 0.084375 0.054167
0 0.184375 0.412500 0.056250 0.050000
0 0.159375 0.466667 0.065625 0.062500
0 0.137500 0.575000 0.043750 0.058333
0 0.212500 0.608333 0.050000 0.087500
0 0.115625 0.650000 0.046875 0.079167
0 0.021875 0.687500 0.043750 0.079167
0 0.012500 0.750000 0.028125 0.062500
0 0.078125 0.750000 0.021875 0.112500
0 0.056250 0.716667 0.040625 0.112500
0 0.303125 0.695833 0.053125 0.091667
0 0.293750 0.779167 0.025000 0.033333
0 0.353125 0.845833 0.037500 0.070833
0 0.368750 0.912500 0.050000 0.058333
0 0.093750 0.870833 0.071875 0.075000
0 0.090625 0.937500 0.043750 0.075000
0 0.031250 0.962500 0.068750 0.075000
0 0.296875 0.883333 0.046875 0.066667
0 0.306250 0.845833 0.025000 0.058333
0 0.181250 0.816667 0.040625 0.058333
0 0.240625 0.775000 0.053125 0.054167
0 0.262500 0.812500 0.043750 0.058333
0 0.212500 0.670833 0.143750 0.195833
0 0.534375 0.741667 0.046875 0.095833
0 0.518750 0.795833 0.056250 0.079167
0 0.540625 0.850000 0.071875 0.050000
0 0.562500 0.912500 0.050000 0.062500
0 0.578125 0.950000 0.037500 0.058333
0 0.506250 0.962500 0.046875 0.070833
0 0.631250 0.937500 0.031250 0.062500
0 0.606250 0.850000 0.059375 0.066667
0 0.640625 0.725000 0.040625 0.070833
0 0.659375 0.829167 0.046875 0.075000
0 0.728125 0.783333 0.056250 0.066667
0 0.750000 0.858333 0.062500 0.066667
0 0.787500 0.958333 0.043750 0.079167
0 0.834375 0.908333 0.056250 0.062500
0 0.831250 0.791667 0.053125 0.087500
0 0.268750 0.025000 0.050000 0.041667
