0 0.796875 0.029167 0.028125 0.054167
0 0.737500 0.066667 0.031250 0.058333
0 0.678125 0.066667 0.034375 0.062500
0 0.612500 0.075000 0.037500 0.054167
0 0.643750 0.016667 0.028125 0.041667
0 0.603125 0.020833 0.037500 0.041667
0 0.515625 0.075000 0.046875 0.070833
0 0.556250 0.141667 0.034375 0.087500
0 0.856250 0.112500 0.053125 0.066667
0 0.837500 0.175000 0.028125 0.054167
0 0.812500 0.179167 0.025000 0.070833
0 0.759375 0.191667 0.040625 0.070833
0 0.884375 0.191667 0.034375 0.037500
0 0.856250 0.237500 0.040625 0.050000
0 0.818750 0.262500 0.028125 0.079167
0 0.806250 0.308333 0.031250 0.045833
0 0.859375 0.329167 0.050000 0.062500
0 0.675000 0.254167 0.068750 0.045833
0 0.634375 0.183333 0.015625 0.062500
0 0.256250 0.016667 0.043750 0.037500
0 0.209375 0.045833 0.043750 0.062500
0 0.171875 0.020833 0.043750 0.050000
0 0.128125 0.120833 0.046875 0.062500
0 0.262500 0.116667 0.053125 0.050000
0 0.246875 0.158333 0.040625 0.062500
0 0.250000 0.216667 0.046875 0.075000
0 0.315625 0.129167 0.037500 0.050000
0 0.315625 0.070833 0.028125 0.070833
0 0.378125 0.029167 0.043750 0.062500
0 0.356250 0.087500 0.034375 0.058333
0 0.406250 0.100000 0.040625 0.054167
0 0.403125 0.137500 0.050000 0.079167
0 0.390625 0.187500 0.040625 0.070833
0 0.587500 0.225000 0.050000 0.041667
0 0.578125 0.270833 0.034375 0.066667
0 0.543750 0.312500 0.050000 0.070833
0 0.609375 0.304167 0.046875 0.050000
0 0.609375 0.341667 0.059375 0.062500
0 0.650000 0.354167 0.031250 0.058333
0 0.712500 0.429167 0.043750 0.075000
0 0.790625 0.400000 0.040625 0.054167
0 0.906250 0.379167 0.046875 0.045833
0 0.896875 0.420833 0.053125 0.050000
0 0.856250 0.395833 0.034375 0.054167
0 0.818750 0.433333 0.040625 0.054167
0 0.796875 0.462500 0.037500 0.037500
0 0.759375 0.500000 0.043750 0.041667
0 0.768750 0.541667 0.046875 0.070833
0 0.815625 0.508333 0.046875 0.050000
0 0.856250 0.495833 0.028125 0.062500
0 0.878125 0.525000 0.046875 0.075000
0 0.893750 0.554167 0.028125 0.079167
0 0.821875 0.608333 0.028125 0.050000
0 0.796875 0.587500 0.050000 0.062500
0 0.700000 0.608333 0.043750 0.050000
0 0.650000 0.604167 0.043750 0.041667
0 0.603125 0.591667 0.046875 0.045833
0 0.568750 0.612500 0.040625 0.050000
0 0.528125 0.637500 0.040625 0.054167
0 0.581250 0.541667 0.034375 0.037500
0 0.675000 0.541667 0.050000 0.037500
0 0.709375 0.508333 0.034375 0.087500
0 0.031250 0.279167 0.037500 0.050000
0 0.084375 0.266667 0.050000 0.045833
0 0.009375 0.495833 0.018750 0.062500
0 0.346875 0.345833 0.068750 0.075000
0 0.315625 0.329167 0.059375 0.066667
0 0.518750 0.387500 0.043750 0.045833
0 0.471875 0.450000 0.056250 0.087500
0 0.456250 0.512500 0.046875 0.041667
0 0.503125 0.454167 0.043750 0.037500
0 0.518750 0.508333 0.034375 0.054167
0 0.471875 0.604167 0.040625 0.066667
0 0.440625 0.612500 0.053125 0.062500
0 0.387500 0.583333 0.050000 0.058333
0 0.362500 0.579167 0.031250 0.087500
0 0.321875 0.587500 0.034375 0.050000
0 0.353125 0.475000 0.031250 0.079167
0 0.393750 0.500000 0.034375 0.066667
0 0.362500 0.400000 0.068750 0.058333
0 0.403125 0.416667 0.046875 0.050000
0 0.446875 0.391667 0.046875 0.045833
0 0.284375 0.470833 0.050000 0.054167
0 0.225000 0.425000 0.028125 0.058333
0 0.218750 0.508333 0.021875 0.037500
0 0.181250 0.479167 0.037500 0.041667
0 0.150000 0.462500 0.028125 0.054167
0 0.118750 0.454167 0.059375 0.054167
0 0.121875 0.341667 0.053125 0.075000
0 0.065625 0.387500 0.040625 0.062500
0 0.028125 0.408333 0.034375 0.108333
0 0.075000 0.458333 0.037500 0.054167
0 0.068750 0.504167 0.046875 0.066667
0 0.118750 0.525000 0.053125 0.054167
0 0.146875 0.583333 0.046875 0.041667
0 0.171875 0.612500 0.050000 0.045833
0 0.193750 0.625000 0.050000 0.050000
0 0.037500 0.570833 0.075000 0.041667
0 0.043750 0.625000 0.034375 0.050000
0 0.081250 0.620833 0.050000 0.050000
0 0.178125 0.400000 0.012500 0.100000
0 0.190625 0.112500 0.031250 0.066667
0 0.275000 0.266667 0.037500 0.054167
0 0.268750 0.570833 0.050000 0.079167
0 0.656250 0.429167 0.065625 0.050000
0 0.740625 0.358333 0.059375 0.066667
0 0.909375 0.262500 0.043750 0.054167
0 0.971875 0.812500 0.018750 0.037500
0 0.965625 0.979167 0.028125 0.041667
0 0.943750 0.904167 0.012500 0.075000
0 0.937500 0.820833 0.025000 0.079167
0 0.893750 0.954167 0.037500 0.075000
0 0.878125 0.908333 0.043750 0.025000
0 0.850000 0.945833 0.037500 0.025000
0 0.896875 0.775000 0.025000 0.054167
0 0.862500 0.775000 0.037500 0.066667
0 0.840625 0.787500 0.046875 0.054167
0 0.853125 0.875000 0.028125 0.058333
0 0.806250 0.975000 0.043750 0.045833
0 0.784375 0.929167 0.043750 0.050000
0 0.753125 0.958333 0.028125 0.083333
0 0.696875 0.979167 0.028125 0.041667
0 0.800000 0.870833 0.025000 0.062500
0 0.756250 0.854167 0.046875 0.045833
0 0.712500 0.837500 0.037500 0.045833
0 0.737500 0.804167 0.031250 0.062500
0 0.778125 0.775000 0.056250 0.045833
0 0.706250 0.754167 0.043750 0.029167
0 0.665625 0.795833 0.031250 0.025000
0 0.656250 0.754167 0.028125 0.029167
0 0.675000 0.850000 0.059375 0.041667
0 0.675000 0.900000 0.040625 0.054167
0 0.618750 0.929167 0.037500 0.050000
0 0.556250 0.933333 0.037500 0.070833
0 0.628125 0.979167 0.062500 0.041667
0 0.506250 0.979167 0.037500 0.041667
0 0.003125 0.812500 0.006250 0.062500
0 0.034375 0.804167 0.025000 0.054167
0 0.065625 0.758333 0.040625 0.058333
0 0.118750 0.762500 0.040625 0.045833
0 0.059375 0.700000 0.046875 0.050000
0 0.115625 0.691667 0.037500 0.054167
0 0.156250 0.670833 0.046875 0.037500
0 0.150000 0.720833 0.034375 0.045833
0 0.156250 0.808333 0.031250 0.054167
0 0.156250 0.862500 0.028125 0.054167
0 0.112500 0.816667 0.046875 0.058333
0 0.090625 0.875000 0.050000 0.037500
0 0.059375 0.937500 0.037500 0.033333
0 0.021875 0.954167 0.028125 0.058333
0 0.100000 0.958333 0.043750 0.041667
0 0.218750 0.975000 0.021875 0.045833
0 0.171875 0.962500 0.031250 0.041667
0 0.193750 0.929167 0.087500 0.025000
0 0.459375 0.945833 0.031250 0.050000
0 0.484375 0.879167 0.034375 0.100000
0 0.437500 0.850000 0.028125 0.070833
0 0.318750 0.862500 0.021875 0.070833
0 0.271875 0.879167 0.053125 0.037500
0 0.228125 0.866667 0.046875 0.020833
0 0.225000 0.837500 0.043750 0.045833
0 0.200000 0.783333 0.037500 0.070833
0 0.218750 0.716667 0.065625 0.066667
0 0.296875 0.804167 0.040625 0.041667
0 0.259375 0.950000 0.025000 0.050000
0 0.328125 0.766667 0.046875 0.058333
0 0.337500 0.733333 0.075000 0.083333
0 0.350000 0.641667 0.046875 0.033333
0 0.406250 0.666667 0.053125 0.070833
0 0.459375 0.737500 0.050000 0.070833
0 0.512500 0.783333 0.046875 0.062500
0 0.509375 0.704167 0.043750 0.050000
0 0.575000 0.679167 0.053125 0.041667
0 0.578125 0.729167 0.043750 0.050000
0 0.596875 0.795833 0.018750 0.070833
0 0.621875 0.758333 0.034375 0.083333
0 0.550000 0.833333 0.037500 0.050000
0 0.618750 0.666667 0.046875 0.037500
0 0.675000 0.670833 0.050000 0.020833
0 0.668750 0.708333 0.037500 0.020833
0 0.728125 0.700000 0.031250 0.045833
0 0.750000 0.650000 0.018750 0.033333
0 0.775000 0.695833 0.025000 0.037500
0 0.793750 0.725000 0.037500 0.045833
0 0.853125 0.675000 0.031250 0.041667
0 0.887500 0.654167 0.037500 0.050000
0 0.950000 0.175000 0.037500 0.045833
0 0.962500 0.283333 0.015625 0.033333
0 0.937500 0.316667 0.031250 0.050000
0 0.984375 0.254167 0.028125 0.054167
0 0.987500 0.308333 0.021875 0.070833
0 0.984375 0.420833 0.025000 0.070833
0 0.965625 0.508333 0.043750 0.108333
0 0.978125 0.583333 0.040625 0.070833
0 0.918750 0.679167 0.046875 0.045833
0 0.956250 0.679167 0.034375 0.066667
0 0.981250 0.925000 0.034375 0.054167
0 0.956250 0.066667 0.037500 0.050000
