0 0.025000 0.029167 0.050000 0.020833
0 0.046875 0.045833 0.043750 0.045833
0 0.031250 0.125000 0.056250 0.033333
0 0.071875 0.100000 0.031250 0.041667
0 0.100000 0.050000 0.021875 0.041667
0 0.131250 0.016667 0.025000 0.037500
0 0.140625 0.062500 0.031250 0.029167
0 0.184375 0.050000 0.025000 0.033333
0 0.243750 0.020833 0.034375 0.041667
0 0.312500 0.045833 0.043750 0.029167
0 0.384375 0.008333 0.046875 0.020833
0 0.512500 0.058333 0.037500 0.033333
0 0.481250 0.129167 0.053125 0.054167
0 0.521875 0.145833 0.043750 0.058333
0 0.443750 0.116667 0.043750 0.033333
0 0.434375 0.066667 0.053125 0.020833
0 0.406250 0.104167 0.046875 0.029167
0 0.371875 0.116667 0.046875 0.041667
0 0.437500 0.195833 0.053125 0.050000
0 0.493750 0.204167 0.031250 0.070833
0 0.543750 0.212500 0.025000 0.045833
0 0.471875 0.254167 0.053125 0.029167
0 0.471875 0.295833 0.037500 0.041667
0 0.515625 0.283333 0.025000 0.058333
0 0.550000 0.387500 0.040625 0.058333
0 0.418750 0.270833 0.031250 0.070833
0 0.406250 0.329167 0.053125 0.075000
0 0.318750 0.154167 0.053125 0.041667
0 0.250000 0.095833 0.028125 0.045833
0 0.203125 0.104167 0.037500 0.033333
0 0.225000 0.150000 0.037500 0.054167
0 0.162500 0.100000 0.040625 0.054167
0 0.128125 0.116667 0.040625 0.033333
0 0.125000 0.150000 0.028125 0.045833
0 0.115625 0.191667 0.059375 0.045833
0 0.200000 0.179167 0.043750 0.033333
0 0.250000 0.195833 0.043750 0.045833
0 0.312500 0.220833 0.053125 0.041667
0 0.243750 0.262500 0.046875 0.058333
0 0.190625 0.233333 0.043750 0.037500
0 0.121875 0.237500 0.043750 0.037500
0 0.090625 0.241667 0.031250 0.041667
0 0.031250 0.150000 0.043750 0.058333
0 0.046875 0.208333 0.034375 0.045833
0 0.065625 0.291667 0.034375 0.062500
0 0.153125 0.287500 0.040625 0.050000
0 0.134375 0.345833 0.031250 0.045833
0 0.056250 0.345833 0.043750 0.050000
0 0.053125 0.395833 0.040625 0.058333
0 0.006250 0.325000 0.018750 0.066667
0 0.006250 0.437500 0.009375 0.058333
0 0.087500 0.466667 0.028125 0.050000
0 0.056250 0.537500 0.043750 0.045833
0 0.009375 0.541667 0.021875 0.070833
0 0.015625 0.654167 0.034375 0.029167
0 0.021875 0.695833 0.034375 0.041667
0 0.018750 0.762500 0.031250 0.041667
0 0.031250 0.604167 0.034375 0.050000
0 0.062500 0.616667 0.021875 0.054167
0 0.100000 0.608333 0.034375 0.037500
0 0.090625 0.666667 0.028125 0.041667
0 0.068750 0.733333 0.028125 0.058333
0 0.062500 0.770833 0.034375 0.029167
0 0.075000 0.804167 0.031250 0.041667
0 0.068750 0.850000 0.031250 0.058333
0 0.112500 0.825000 0.037500 0.045833
0 0.106250 0.758333 0.034375 0.020833
0 0.118750 0.720833 0.034375 0.033333
0 0.153125 0.700000 0.031250 0.033333
0 0.159375 0.641667 0.031250 0.050000
0 0.143750 0.512500 0.028125 0.041667
0 0.184375 0.504167 0.021875 0.045833
0 0.231250 0.516667 0.034375 0.041667
0 0.246875 0.454167 0.031250 0.037500
0 0.306250 0.462500 0.028125 0.045833
0 0.346875 0.441667 0.037500 0.050000
0 0.378125 0.495833 0.028125 0.033333
0 0.450000 0.412500 0.028125 0.054167
0 0.553125 0.300000 0.031250 0.070833
0 0.462500 0.466667 0.053125 0.050000
0 0.506250 0.479167 0.043750 0.075000
0 0.531250 0.537500 0.050000 0.045833
0 0.534375 0.595833 0.021875 0.041667
0 0.471875 0.558333 0.021875 0.062500
0 0.440625 0.545833 0.037500 0.054167
0 0.300000 0.533333 0.021875 0.033333
0 0.253125 0.533333 0.025000 0.054167
0 0.225000 0.562500 0.037500 0.066667
0 0.281250 0.570833 0.034375 0.045833
0 0.271875 0.633333 0.037500 0.050000
0 0.234375 0.645833 0.037500 0.054167
0 0.200000 0.683333 0.034375 0.050000
0 0.184375 0.745833 0.034375 0.058333
0 0.237500 0.712500 0.034375 0.050000
0 0.271875 0.758333 0.031250 0.041667
0 0.328125 0.691667 0.034375 0.062500
0 0.368750 0.650000 0.025000 0.062500
0 0.331250 0.612500 0.034375 0.041667
0 0.400000 0.708333 0.037500 0.058333
0 0.409375 0.754167 0.028125 0.066667
0 0.440625 0.670833 0.025000 0.050000
0 0.484375 0.645833 0.034375 0.050000
0 0.518750 0.675000 0.037500 0.037500
0 0.487500 0.729167 0.040625 0.050000
0 0.443750 0.795833 0.031250 0.041667
0 0.375000 0.820833 0.028125 0.050000
0 0.359375 0.770833 0.025000 0.070833
0 0.331250 0.804167 0.018750 0.062500
0 0.303125 0.825000 0.012500 0.070833
0 0.246875 0.816667 0.031250 0.083333
0 0.215625 0.812500 0.031250 0.062500
0 0.275000 0.870833 0.031250 0.054167
0 0.259375 0.916667 0.031250 0.050000
0 0.171875 0.829167 0.037500 0.054167
0 0.175000 0.883333 0.050000 0.033333
0 0.193750 0.916667 0.031250 0.033333
0 0.178125 0.962500 0.043750 0.045833
0 0.128125 0.933333 0.040625 0.045833
0 0.071875 0.941667 0.034375 0.033333
0 0.040625 0.904167 0.021875 0.045833
0 0.012500 0.879167 0.025000 0.025000
0 0.009375 0.970833 0.021875 0.041667
0 0.071875 0.979167 0.043750 0.029167
0 0.212500 0.954167 0.018750 0.029167
0 0.237500 0.966667 0.031250 0.045833
0 0.321875 0.925000 0.028125 0.033333
0 0.378125 0.912500 0.043750 0.054167
0 0.403125 0.858333 0.034375 0.041667
0 0.456250 0.866667 0.034375 0.054167
0 0.525000 0.795833 0.053125 0.050000
0 0.534375 0.858333 0.040625 0.041667
0 0.459375 0.908333 0.025000 0.045833
0 0.478125 0.954167 0.043750 0.020833
0 0.540625 0.950000 0.050000 0.050000
0 0.431250 0.970833 0.046875 0.050000
0 0.553125 0.100000 0.046875 0.050000
0 0.600000 0.162500 0.065625 0.041667
0 0.600000 0.208333 0.034375 0.058333
0 0.596875 0.062500 0.043750 0.062500
0 0.643750 0.095833 0.028125 0.045833
0 0.662500 0.029167 0.043750 0.045833
0 0.690625 0.083333 0.034375 0.037500
0 0.659375 0.129167 0.046875 0.041667
0 0.659375 0.175000 0.043750 0.058333
0 0.706250 0.137500 0.028125 0.054167
0 0.706250 0.191667 0.021875 0.054167
0 0.756250 0.204167 0.031250 0.054167
0 0.728125 0.079167 0.025000 0.033333
0 0.725000 0.025000 0.053125 0.050000
0 0.756250 0.079167 0.028125 0.070833
0 0.793750 0.162500 0.028125 0.050000
0 0.818750 0.120833 0.034375 0.062500
0 0.815625 0.033333 0.028125 0.058333
0 0.868750 0.066667 0.034375 0.083333
0 0.890625 0.087500 0.021875 0.058333
0 0.981250 0.037500 0.037500 0.050000
0 0.984375 0.112500 0.028125 0.050000
0 0.965625 0.145833 0.034375 0.041667
0 0.928125 0.137500 0.046875 0.045833
0 0.962500 0.175000 0.046875 0.029167
0 0.984375 0.229167 0.028125 0.037500
0 0.946875 0.254167 0.056250 0.041667
0 0.875000 0.225000 0.046875 0.062500
0 0.934375 0.295833 0.050000 0.079167
0 0.978125 0.308333 0.040625 0.062500
0 0.981250 0.358333 0.034375 0.050000
0 0.868750 0.308333 0.040625 0.050000
0 0.884375 0.341667 0.046875 0.050000
0 0.928125 0.387500 0.034375 0.029167
0 0.809375 0.345833 0.046875 0.062500
0 0.571875 0.266667 0.034375 0.050000
0 0.609375 0.283333 0.031250 0.062500
0 0.650000 0.287500 0.034375 0.041667
0 0.606250 0.337500 0.053125 0.037500
0 0.600000 0.370833 0.037500 0.054167
0 0.675000 0.383333 0.040625 0.033333
0 0.734375 0.350000 0.040625 0.033333
0 0.753125 0.408333 0.037500 0.033333
0 0.700000 0.433333 0.053125 0.054167
0 0.562500 0.450000 0.059375 0.062500
0 0.625000 0.454167 0.025000 0.050000
0 0.584375 0.554167 0.034375 0.041667
0 0.640625 0.520833 0.046875 0.050000
0 0.671875 0.562500 0.034375 0.041667
0 0.612500 0.600000 0.034375 0.037500
0 0.581250 0.666667 0.034375 0.087500
0 0.606250 0.700000 0.025000 0.070833
0 0.575000 0.762500 0.031250 0.050000
0 0.662500 0.695833 0.034375 0.058333
0 0.665625 0.745833 0.050000 0.045833
0 0.690625 0.654167 0.053125 0.041667
0 0.721875 0.620833 0.037500 0.037500
0 0.746875 0.558333 0.034375 0.033333
0 0.759375 0.458333 0.037500 0.054167
0 0.796875 0.550000 0.028125 0.041667
0 0.821875 0.525000 0.043750 0.045833
0 0.831250 0.483333 0.021875 0.050000
0 0.846875 0.433333 0.025000 0.050000
0 0.887500 0.529167 0.046875 0.050000
0 0.934375 0.491667 0.040625 0.054167
0 0.959375 0.600000 0.031250 0.045833
0 0.875000 0.637500 0.037500 0.041667
0 0.778125 0.591667 0.031250 0.087500
0 0.818750 0.654167 0.034375 0.029167
0 0.778125 0.687500 0.028125 0.041667
0 0.731250 0.729167 0.018750 0.041667
0 0.706250 0.791667 0.037500 0.041667
0 0.759375 0.762500 0.037500 0.037500
0 0.762500 0.866667 0.025000 0.041667
0 0.809375 0.812500 0.034375 0.050000
0 0.868750 0.750000 0.034375 0.041667
0 0.937500 0.708333 0.034375 0.050000
0 0.862500 0.791667 0.059375 0.087500
0 0.865625 0.833333 0.037500 0.058333
0 0.912500 0.816667 0.031250 0.066667
0 0.975000 0.754167 0.043750 0.050000
0 0.978125 0.816667 0.040625 0.033333
0 0.962500 0.866667 0.040625 0.062500
0 0.950000 0.925000 0.040625 0.050000
0 0.981250 0.945833 0.031250 0.041667
0 0.871875 0.900000 0.031250 0.037500
0 0.806250 0.945833 0.031250 0.050000
0 0.665625 0.895833 0.040625 0.045833
0 0.703125 0.945833 0.031250 0.050000
0 0.656250 0.970833 0.043750 0.062500
0 0.615625 0.945833 0.021875 0.045833
0 0.581250 0.966667 0.021875 0.062500
0 0.725000 0.975000 0.025000 0.045833
0 0.934375 0.970833 0.059375 0.045833
0 0.921875 0.987500 0.040625 0.020833
