0 0.021875 0.179167 0.046875 0.066667
0 0.021875 0.245833 0.046875 0.079167
0 0.025000 0.966667 0.053125 0.058333
0 0.037500 0.895833 0.062500 0.054167
0 0.106250 0.858333 0.043750 0.095833
0 0.093750 0.720833 0.046875 0.070833
0 0.037500 0.383333 0.046875 0.108333
0 0.053125 0.466667 0.053125 0.104167
0 0.109375 0.516667 0.065625 0.058333
0 0.118750 0.425000 0.050000 0.062500
0 0.200000 0.395833 0.062500 0.091667
0 0.193750 0.554167 0.053125 0.070833
0 0.150000 0.616667 0.037500 0.070833
0 0.175000 0.658333 0.046875 0.070833
0 0.225000 0.725000 0.053125 0.091667
0 0.243750 0.458333 0.046875 0.066667
0 0.281250 0.950000 0.053125 0.095833
0 0.396875 0.029167 0.053125 0.066667
0 0.656250 0.033333 0.043750 0.070833
0 0.703125 0.083333 0.059375 0.091667
0 0.587500 0.125000 0.071875 0.037500
0 0.465625 0.133333 0.028125 0.129167
0 0.443750 0.195833 0.037500 0.079167
0 0.425000 0.133333 0.040625 0.087500
0 0.353125 0.225000 0.043750 0.095833
0 0.509375 0.300000 0.059375 0.070833
0 0.562500 0.325000 0.043750 0.037500
0 0.587500 0.287500 0.090625 0.050000
0 0.587500 0.220833 0.046875 0.083333
0 0.634375 0.229167 0.046875 0.079167
0 0.765625 0.262500 0.053125 0.066667
0 0.803125 0.237500 0.046875 0.058333
0 0.853125 0.279167 0.090625 0.079167
0 0.921875 0.195833 0.062500 0.079167
0 0.981250 0.295833 0.031250 0.137500
0 0.931250 0.283333 0.043750 0.070833
0 0.937500 0.341667 0.037500 0.104167
0 0.890625 0.354167 0.043750 0.083333
0 0.718750 0.316667 0.037500 0.129167
0 0.606250 0.375000 0.028125 0.120833
0 0.537500 0.420833 0.046875 0.112500
0 0.578125 0.470833 0.043750 0.087500
0 0.615625 0.495833 0.046875 0.095833
0 0.653125 0.433333 0.056250 0.079167
0 0.706250 0.491667 0.043750 0.083333
0 0.759375 0.520833 0.053125 0.112500
0 0.706250 0.541667 0.046875 0.062500
0 0.828125 0.537500 0.050000 0.095833
0 0.896875 0.466667 0.059375 0.058333
0 0.906250 0.595833 0.062500 0.058333
0 0.950000 0.616667 0.065625 0.083333
0 0.975000 0.670833 0.043750 0.083333
0 0.962500 0.754167 0.043750 0.075000
0 0.903125 0.800000 0.046875 0.070833
0 0.965625 0.870833 0.043750 0.062500
0 0.656250 0.570833 0.046875 0.050000
0 0.393750 0.512500 0.053125 0.050000
0 0.337500 0.504167 0.059375 0.079167
0 0.350000 0.666667 0.053125 0.112500
0 0.450000 0.641667 0.046875 0.083333
0 0.531250 0.666667 0.043750 0.125000
0 0.578125 0.650000 0.043750 0.070833
0 0.631250 0.700000 0.053125 0.050000
0 0.684375 0.654167 0.068750 0.058333
0 0.687500 0.750000 0.062500 0.079167
0 0.621875 0.820833 0.068750 0.120833
0 0.537500 0.800000 0.043750 0.070833
0 0.778125 0.879167 0.043750 0.062500
0 0.837500 0.875000 0.046875 0.070833
0 0.875000 0.941667 0.046875 0.062500
0 0.918750 0.962500 0.050000 0.066667
0 0.446875 0.866667 0.068750 0.079167
0 0.350000 0.866667 0.043750 0.083333
0 0.400000 0.908333 0.037500 0.108333
