0 0.234375 0.120833 0.046875 0.083333
0 0.459375 0.025000 0.056250 0.054167
0 0.487500 0.175000 0.037500 0.050000
0 0.581250 0.108333 0.021875 0.070833
0 0.625000 0.050000 0.050000 0.066667
0 0.690625 0.033333 0.043750 0.050000
0 0.734375 0.058333 0.146875 0.054167
0 0.646875 0.129167 0.046875 0.054167
0 0.612500 0.095833 0.031250 0.104167
0 0.593750 0.250000 0.034375 0.079167
0 0.678125 0.233333 0.050000 0.054167
0 0.631250 0.183333 0.053125 0.033333
0 0.687500 0.150000 0.043750 0.070833
0 0.740625 0.137500 0.065625 0.058333
0 0.909375 0.166667 0.046875 0.054167
0 0.975000 0.112500 0.043750 0.062500
0 0.606250 0.383333 0.046875 0.070833
0 0.709375 0.354167 0.031250 0.045833
0 0.687500 0.400000 0.043750 0.050000
0 0.734375 0.408333 0.037500 0.054167
0 0.978125 0.350000 0.037500 0.045833
0 0.943750 0.404167 0.031250 0.050000
0 0.943750 0.466667 0.025000 0.062500
0 0.990625 0.441667 0.015625 0.083333
0 0.878125 0.433333 0.059375 0.050000
0 0.843750 0.508333 0.050000 0.045833
0 0.781250 0.475000 0.034375 0.075000
0 0.734375 0.495833 0.053125 0.079167
0 0.740625 0.591667 0.040625 0.087500
0 0.659375 0.529167 0.056250 0.066667
0 0.618750 0.629167 0.037500 0.075000
0 0.846875 0.679167 0.056250 0.075000
0 0.865625 0.758333 0.053125 0.079167
0 0.812500 0.770833 0.053125 0.079167
0 0.887500 0.837500 0.053125 0.095833
0 0.903125 0.908333 0.034375 0.070833
0 0.934375 0.920833 0.031250 0.112500
0 0.965625 0.933333 0.028125 0.058333
0 0.753125 0.912500 0.050000 0.054167
0 0.690625 0.975000 0.043750 0.041667
0 0.737500 0.983333 0.046875 0.025000
0 0.562500 0.887500 0.059375 0.066667
0 0.528125 0.704167 0.065625 0.095833
0 0.450000 0.625000 0.056250 0.075000
0 0.315625 0.566667 0.084375 0.087500
0 0.312500 0.450000 0.053125 0.083333
0 0.209375 0.275000 0.046875 0.058333
0 0.256250 0.291667 0.056250 0.045833
0 0.090625 0.150000 0.034375 0.045833
0 0.031250 0.300000 0.043750 0.079167
0 0.093750 0.512500 0.046875 0.058333
0 0.121875 0.675000 0.056250 0.070833
0 0.218750 0.708333 0.059375 0.058333
0 0.234375 0.775000 0.059375 0.066667
0 0.287500 0.958333 0.034375 0.079167
0 0.359375 0.962500 0.028125 0.070833
0 0.140625 0.883333 0.034375 0.075000
0 0.084375 0.866667 0.087500 0.070833
0 0.056250 0.900000 0.028125 0.050000
0 0.081250 0.758333 0.056250 0.058333
0 0.109375 0.816667 0.081250 0.025000
0 0.128125 0.741667 0.065625 0.045833
0 0.012500 0.662500 0.031250 0.058333
0 0.253125 0.979167 0.059375 0.037500
