0 0.012500 0.020833 0.025000 0.029167
0 0.009375 0.108333 0.018750 0.045833
0 0.021875 0.154167 0.021875 0.041667
0 0.046875 0.133333 0.025000 0.037500
0 0.078125 0.137500 0.025000 0.033333
0 0.068750 0.054167 0.034375 0.029167
0 0.059375 0.025000 0.043750 0.029167
0 0.128125 0.037500 0.037500 0.041667
0 0.128125 0.108333 0.040625 0.029167
0 0.187500 0.062500 0.034375 0.037500
0 0.190625 0.012500 0.034375 0.025000
0 0.018750 0.620833 0.034375 0.058333
0 0.018750 0.504167 0.021875 0.062500
0 0.059375 0.541667 0.025000 0.054167
0 0.043750 0.404167 0.025000 0.062500
0 0.028125 0.341667 0.025000 0.054167
0 0.037500 0.279167 0.034375 0.033333
0 0.040625 0.204167 0.034375 0.033333
0 0.103125 0.195833 0.043750 0.062500
0 0.150000 0.225000 0.040625 0.066667
0 0.200000 0.187500 0.037500 0.062500
0 0.206250 0.120833 0.065625 0.033333
0 0.240625 0.025000 0.025000 0.045833
0 0.259375 0.045833 0.031250 0.050000
0 0.303125 0.045833 0.053125 0.062500
0 0.337500 0.012500 0.046875 0.033333
0 0.393750 0.087500 0.037500 0.087500
0 0.434375 0.091667 0.015625 0.095833
0 0.318750 0.129167 0.053125 0.054167
0 0.387500 0.158333 0.046875 0.045833
0 0.362500 0.179167 0.037500 0.058333
0 0.393750 0.204167 0.062500 0.054167
0 0.412500 0.250000 0.046875 0.045833
0 0.315625 0.204167 0.034375 0.058333
0 0.237500 0.191667 0.046875 0.058333
0 0.131250 0.270833 0.037500 0.041667
0 0.190625 0.283333 0.043750 0.058333
0 0.200000 0.350000 0.046875 0.054167
0 0.121875 0.329167 0.037500 0.050000
0 0.075000 0.345833 0.028125 0.070833
0 0.131250 0.425000 0.043750 0.041667
0 0.162500 0.445833 0.040625 0.062500
0 0.175000 0.512500 0.034375 0.045833
0 0.115625 0.466667 0.046875 0.054167
0 0.096875 0.495833 0.043750 0.091667
0 0.078125 0.687500 0.028125 0.070833
0 0.090625 0.600000 0.031250 0.062500
0 0.118750 0.725000 0.028125 0.041667
0 0.150000 0.658333 0.040625 0.041667
0 0.200000 0.608333 0.028125 0.033333
0 0.221875 0.429167 0.021875 0.041667
0 0.256250 0.475000 0.037500 0.041667
0 0.284375 0.425000 0.025000 0.041667
0 0.268750 0.370833 0.037500 0.058333
0 0.284375 0.287500 0.021875 0.033333
0 0.331250 0.266667 0.037500 0.037500
0 0.359375 0.300000 0.021875 0.041667
0 0.312500 0.345833 0.034375 0.041667
0 0.356250 0.362500 0.031250 0.050000
0 0.431250 0.320833 0.034375 0.050000
0 0.375000 0.387500 0.046875 0.033333
0 0.393750 0.429167 0.028125 0.054167
0 0.368750 0.441667 0.025000 0.045833
0 0.334375 0.462500 0.040625 0.041667
0 0.431250 0.433333 0.021875 0.054167
0 0.334375 0.525000 0.034375 0.054167
0 0.293750 0.570833 0.028125 0.041667
0 0.409375 0.533333 0.040625 0.062500
0 0.431250 0.587500 0.031250 0.058333
0 0.378125 0.587500 0.025000 0.050000
0 0.393750 0.654167 0.034375 0.041667
0 0.428125 0.654167 0.031250 0.062500
0 0.384375 0.708333 0.031250 0.045833
0 0.368750 0.662500 0.021875 0.045833
0 0.325000 0.641667 0.034375 0.054167
0 0.315625 0.708333 0.031250 0.054167
0 0.278125 0.691667 0.031250 0.050000
0 0.209375 0.687500 0.034375 0.075000
0 0.184375 0.750000 0.031250 0.050000
0 0.162500 0.779167 0.037500 0.045833
0 0.156250 0.816667 0.034375 0.070833
0 0.168750 0.837500 0.031250 0.041667
0 0.203125 0.845833 0.018750 0.054167
0 0.231250 0.795833 0.031250 0.037500
0 0.278125 0.750000 0.040625 0.037500
0 0.340625 0.758333 0.040625 0.054167
0 0.403125 0.770833 0.037500 0.033333
0 0.331250 0.812500 0.031250 0.054167
0 0.281250 0.808333 0.031250 0.045833
0 0.293750 0.866667 0.034375 0.041667
0 0.303125 0.904167 0.031250 0.037500
0 0.368750 0.833333 0.046875 0.075000
0 0.390625 0.858333 0.031250 0.066667
0 0.425000 0.870833 0.025000 0.054167
0 0.440625 0.941667 0.031250 0.050000
0 0.400000 0.916667 0.025000 0.050000
0 0.428125 0.979167 0.034375 0.033333
0 0.343750 0.979167 0.031250 0.041667
0 0.306250 0.975000 0.034375 0.041667
0 0.256250 0.975000 0.040625 0.033333
0 0.253125 0.908333 0.025000 0.058333
0 0.193750 0.937500 0.025000 0.041667
0 0.012500 0.816667 0.021875 0.058333
0 0.056250 0.804167 0.021875 0.058333
0 0.103125 0.850000 0.021875 0.041667
0 0.075000 0.920833 0.025000 0.050000
0 0.503125 0.016667 0.046875 0.041667
0 0.528125 0.183333 0.031250 0.050000
0 0.559375 0.154167 0.037500 0.050000
0 0.600000 0.129167 0.021875 0.054167
0 0.650000 0.116667 0.037500 0.041667
0 0.668750 0.050000 0.046875 0.045833
0 0.743750 0.012500 0.028125 0.029167
0 0.709375 0.108333 0.031250 0.045833
0 0.756250 0.087500 0.034375 0.041667
0 0.784375 0.070833 0.046875 0.041667
0 0.821875 0.012500 0.043750 0.025000
0 0.818750 0.058333 0.031250 0.033333
0 0.837500 0.120833 0.037500 0.045833
0 0.881250 0.075000 0.034375 0.045833
0 0.803125 0.175000 0.031250 0.045833
0 0.762500 0.141667 0.025000 0.058333
0 0.709375 0.225000 0.031250 0.050000
0 0.681250 0.220833 0.034375 0.050000
0 0.643750 0.216667 0.025000 0.041667
0 0.587500 0.233333 0.021875 0.041667
0 0.606250 0.304167 0.025000 0.050000
0 0.518750 0.341667 0.056250 0.037500
0 0.481250 0.304167 0.046875 0.041667
0 0.665625 0.304167 0.031250 0.050000
0 0.687500 0.350000 0.028125 0.070833
0 0.565625 0.375000 0.046875 0.045833
0 0.518750 0.379167 0.034375 0.062500
0 0.465625 0.408333 0.053125 0.054167
0 0.890625 0.016667 0.034375 0.041667
0 0.953125 0.054167 0.031250 0.050000
0 0.868750 0.166667 0.040625 0.041667
0 0.859375 0.212500 0.034375 0.041667
0 0.909375 0.179167 0.040625 0.037500
0 0.956250 0.145833 0.034375 0.045833
0 0.956250 0.204167 0.040625 0.050000
0 0.987500 0.262500 0.025000 0.050000
0 0.896875 0.258333 0.046875 0.041667
0 0.950000 0.287500 0.040625 0.062500
0 0.965625 0.337500 0.037500 0.045833
0 0.903125 0.320833 0.071875 0.033333
0 0.906250 0.354167 0.043750 0.033333
0 0.850000 0.308333 0.043750 0.079167
0 0.865625 0.370833 0.037500 0.037500
0 0.940625 0.375000 0.034375 0.020833
0 0.956250 0.404167 0.046875 0.041667
0 0.909375 0.408333 0.031250 0.020833
0 0.871875 0.420833 0.025000 0.037500
0 0.818750 0.387500 0.018750 0.041667
0 0.843750 0.437500 0.037500 0.050000
0 0.828125 0.479167 0.034375 0.025000
0 0.712500 0.370833 0.028125 0.091667
0 0.684375 0.433333 0.034375 0.079167
0 0.665625 0.483333 0.043750 0.033333
0 0.606250 0.437500 0.034375 0.045833
0 0.584375 0.475000 0.043750 0.045833
0 0.593750 0.508333 0.040625 0.033333
0 0.590625 0.541667 0.040625 0.025000
0 0.646875 0.566667 0.031250 0.045833
0 0.659375 0.520833 0.031250 0.054167
0 0.703125 0.533333 0.021875 0.050000
0 0.743750 0.554167 0.043750 0.041667
0 0.771875 0.466667 0.034375 0.066667
0 0.821875 0.554167 0.043750 0.020833
0 0.875000 0.483333 0.025000 0.020833
0 0.912500 0.491667 0.031250 0.033333
0 0.959375 0.466667 0.043750 0.045833
0 0.978125 0.545833 0.040625 0.037500
0 0.975000 0.583333 0.031250 0.033333
0 0.912500 0.545833 0.037500 0.045833
0 0.862500 0.558333 0.025000 0.050000
0 0.868750 0.620833 0.028125 0.054167
0 0.946875 0.625000 0.037500 0.050000
0 0.868750 0.716667 0.040625 0.041667
0 0.837500 0.675000 0.028125 0.025000
0 0.825000 0.612500 0.031250 0.041667
0 0.784375 0.595833 0.034375 0.054167
0 0.734375 0.666667 0.046875 0.045833
0 0.715625 0.695833 0.025000 0.037500
0 0.709375 0.745833 0.034375 0.037500
0 0.709375 0.787500 0.028125 0.041667
0 0.746875 0.795833 0.034375 0.045833
0 0.775000 0.750000 0.037500 0.041667
0 0.800000 0.695833 0.031250 0.029167
0 0.809375 0.812500 0.043750 0.045833
0 0.762500 0.841667 0.037500 0.041667
0 0.696875 0.850000 0.031250 0.029167
0 0.671875 0.812500 0.025000 0.054167
0 0.643750 0.812500 0.040625 0.058333
0 0.618750 0.791667 0.025000 0.041667
0 0.634375 0.729167 0.025000 0.033333
0 0.668750 0.712500 0.025000 0.041667
0 0.725000 0.612500 0.043750 0.037500
0 0.550000 0.570833 0.040625 0.045833
0 0.553125 0.612500 0.050000 0.041667
0 0.587500 0.683333 0.037500 0.016667
0 0.593750 0.595833 0.031250 0.045833
0 0.587500 0.720833 0.046875 0.020833
0 0.559375 0.741667 0.037500 0.045833
0 0.543750 0.783333 0.040625 0.054167
0 0.537500 0.825000 0.056250 0.045833
0 0.687500 0.929167 0.025000 0.020833
0 0.803125 0.904167 0.028125 0.050000
0 0.856250 0.904167 0.028125 0.041667
0 0.856250 0.829167 0.031250 0.037500
0 0.875000 0.787500 0.037500 0.037500
0 0.900000 0.841667 0.031250 0.045833
0 0.940625 0.804167 0.025000 0.050000
0 0.915625 0.679167 0.021875 0.029167
0 0.934375 0.720833 0.028125 0.050000
0 0.981250 0.733333 0.034375 0.041667
0 0.984375 0.791667 0.031250 0.050000
0 0.984375 0.666667 0.028125 0.041667
0 0.468750 0.904167 0.034375 0.041667
0 0.487500 0.845833 0.040625 0.029167
0 0.506250 0.791667 0.040625 0.037500
0 0.450000 0.754167 0.034375 0.062500
0 0.465625 0.720833 0.046875 0.041667
0 0.462500 0.670833 0.018750 0.020833
0 0.450000 0.554167 0.031250 0.066667
0 0.481250 0.558333 0.037500 0.050000
0 0.509375 0.570833 0.034375 0.054167
0 0.546875 0.641667 0.043750 0.033333
0 0.500000 0.641667 0.021875 0.045833
0 0.515625 0.687500 0.040625 0.037500
0 0.528125 0.891667 0.025000 0.062500
0 0.506250 0.941667 0.037500 0.066667
0 0.540625 0.987500 0.031250 0.025000
0 0.584375 0.925000 0.043750 0.050000
0 0.640625 0.970833 0.028125 0.054167
0 0.925000 0.962500 0.028125 0.050000
0 0.965625 0.891667 0.034375 0.033333
0 0.456250 0.212500 0.037500 0.058333
0 0.540625 0.433333 0.043750 0.041667
0 0.453125 0.466667 0.021875 0.058333
0 0.487500 0.495833 0.040625 0.041667
