0 0.043750 0.070833 0.087500 0.087500
0 0.200000 0.066667 0.068750 0.058333
0 0.221875 0.145833 0.059375 0.091667
0 0.062500 0.179167 0.056250 0.070833
0 0.121875 0.208333 0.068750 0.066667
0 0.043750 0.350000 0.056250 0.062500
0 0.118750 0.341667 0.046875 0.087500
0 0.106250 0.450000 0.053125 0.066667
0 0.018750 0.429167 0.040625 0.054167
0 0.256250 0.437500 0.103125 0.095833
0 0.300000 0.612500 0.106250 0.108333
0 0.203125 0.733333 0.046875 0.104167
0 0.078125 0.916667 0.059375 0.062500
0 0.118750 0.979167 0.046875 0.037500
0 0.159375 0.925000 0.062500 0.033333
0 0.187500 0.979167 0.068750 0.037500
0 0.350000 0.733333 0.053125 0.079167
0 0.353125 0.895833 0.065625 0.070833
0 0.371875 0.970833 0.050000 0.054167
0 0.303125 0.966667 0.062500 0.066667
0 0.428125 0.966667 0.050000 0.062500
0 0.406250 0.866667 0.040625 0.075000
0 0.406250 0.725000 0.056250 0.083333
0 0.443750 0.750000 0.034375 0.083333
0 0.453125 0.895833 0.043750 0.137500
0 0.493750 0.879167 0.034375 0.083333
0 0.446875 0.187500 0.053125 0.079167
0 0.406250 0.295833 0.081250 0.062500
0 0.406250 0.400000 0.053125 0.112500
0 0.525000 0.587500 0.046875 0.083333
0 0.584375 0.483333 0.078125 0.079167
0 0.559375 0.391667 0.078125 0.062500
0 0.656250 0.225000 0.103125 0.050000
0 0.693750 0.279167 0.153125 0.066667
0 0.650000 0.383333 0.068750 0.050000
0 0.575000 0.675000 0.037500 0.087500
0 0.650000 0.608333 0.056250 0.054167
0 0.731250 0.433333 0.065625 0.062500
0 0.740625 0.504167 0.071875 0.070833
0 0.850000 0.408333 0.056250 0.100000
0 0.765625 0.633333 0.065625 0.054167
0 0.781250 0.704167 0.075000 0.066667
0 0.821875 0.550000 0.050000 0.058333
0 0.865625 0.595833 0.071875 0.091667
0 0.865625 0.700000 0.037500 0.087500
0 0.912500 0.687500 0.050000 0.091667
0 0.881250 0.791667 0.081250 0.050000
0 0.871875 0.829167 0.090625 0.070833
0 0.859375 0.879167 0.059375 0.054167
0 0.821875 0.970833 0.053125 0.054167
0 0.981250 0.850000 0.034375 0.070833
0 0.962500 0.670833 0.062500 0.062500
0 0.559375 0.016667 0.068750 0.037500
0 0.809375 0.158333 0.081250 0.091667
0 0.878125 0.100000 0.087500 0.075000
0 0.650000 0.075000 0.059375 0.079167
0 0.703125 0.087500 0.056250 0.087500
0 0.759375 0.020833 0.053125 0.050000
0 0.765625 0.104167 0.053125 0.066667
