0 0.937500 0.979167 0.043750 0.037500
0 0.934375 0.929167 0.034375 0.054167
0 0.978125 0.925000 0.040625 0.054167
0 0.975000 0.820833 0.043750 0.054167
0 0.931250 0.866667 0.046875 0.045833
0 0.868750 0.904167 0.046875 0.020833
0 0.871875 0.862500 0.056250 0.029167
0 0.900000 0.845833 0.025000 0.041667
0 0.871875 0.837500 0.028125 0.033333
0 0.903125 0.812500 0.040625 0.058333
0 0.900000 0.775000 0.037500 0.062500
0 0.940625 0.750000 0.012500 0.058333
0 0.950000 0.666667 0.037500 0.062500
0 0.906250 0.620833 0.040625 0.050000
0 0.950000 0.612500 0.028125 0.062500
0 0.984375 0.604167 0.025000 0.079167
0 0.875000 0.629167 0.037500 0.045833
0 0.900000 0.550000 0.034375 0.054167
0 0.921875 0.516667 0.031250 0.050000
0 0.953125 0.504167 0.034375 0.075000
0 0.815625 0.654167 0.034375 0.045833
0 0.853125 0.704167 0.015625 0.033333
0 0.859375 0.741667 0.053125 0.033333
0 0.843750 0.808333 0.028125 0.050000
0 0.812500 0.850000 0.037500 0.033333
0 0.778125 0.879167 0.056250 0.033333
0 0.825000 0.929167 0.050000 0.033333
0 0.781250 0.954167 0.050000 0.037500
0 0.725000 0.945833 0.046875 0.033333
0 0.690625 0.979167 0.046875 0.025000
0 0.634375 0.975000 0.025000 0.045833
0 0.596875 0.975000 0.034375 0.041667
0 0.512500 0.975000 0.025000 0.041667
0 0.478125 0.975000 0.034375 0.045833
0 0.415625 0.945833 0.028125 0.058333
0 0.468750 0.916667 0.028125 0.033333
0 0.450000 0.862500 0.037500 0.037500
0 0.509375 0.854167 0.040625 0.025000
0 0.528125 0.904167 0.031250 0.054167
0 0.571875 0.837500 0.028125 0.058333
0 0.631250 0.912500 0.034375 0.050000
0 0.678125 0.879167 0.056250 0.054167
0 0.715625 0.854167 0.037500 0.029167
0 0.659375 0.829167 0.031250 0.041667
0 0.690625 0.754167 0.037500 0.058333
0 0.706250 0.808333 0.040625 0.037500
0 0.743750 0.816667 0.025000 0.033333
0 0.806250 0.812500 0.068750 0.045833
0 0.796875 0.770833 0.040625 0.037500
0 0.737500 0.762500 0.028125 0.037500
0 0.765625 0.725000 0.040625 0.037500
0 0.806250 0.725000 0.034375 0.037500
0 0.743750 0.700000 0.034375 0.033333
0 0.646875 0.725000 0.034375 0.050000
0 0.628125 0.695833 0.037500 0.033333
0 0.600000 0.704167 0.040625 0.045833
0 0.571875 0.683333 0.031250 0.037500
0 0.568750 0.629167 0.043750 0.054167
0 0.531250 0.608333 0.043750 0.037500
0 0.584375 0.562500 0.040625 0.037500
0 0.631250 0.604167 0.046875 0.025000
0 0.668750 0.612500 0.028125 0.054167
0 0.700000 0.620833 0.040625 0.045833
0 0.718750 0.675000 0.040625 0.066667
0 0.771875 0.625000 0.043750 0.033333
0 0.825000 0.550000 0.031250 0.062500
0 0.793750 0.554167 0.040625 0.054167
0 0.740625 0.545833 0.031250 0.058333
0 0.690625 0.545833 0.031250 0.054167
0 0.987500 0.362500 0.021875 0.045833
0 0.971875 0.404167 0.031250 0.066667
0 0.943750 0.425000 0.037500 0.041667
0 0.925000 0.445833 0.034375 0.037500
0 0.912500 0.366667 0.040625 0.050000
0 0.937500 0.320833 0.025000 0.045833
0 0.981250 0.283333 0.031250 0.054167
0 0.959375 0.241667 0.034375 0.066667
0 0.868750 0.300000 0.025000 0.033333
0 0.868750 0.258333 0.025000 0.029167
0 0.831250 0.279167 0.031250 0.045833
0 0.815625 0.325000 0.043750 0.054167
0 0.800000 0.366667 0.034375 0.037500
0 0.781250 0.395833 0.043750 0.045833
0 0.821875 0.404167 0.034375 0.033333
0 0.775000 0.450000 0.037500 0.041667
0 0.840625 0.487500 0.037500 0.037500
0 0.856250 0.441667 0.037500 0.033333
0 0.853125 0.395833 0.043750 0.037500
0 0.975000 0.158333 0.034375 0.037500
0 0.962500 0.116667 0.034375 0.045833
0 0.925000 0.091667 0.043750 0.045833
0 0.884375 0.100000 0.031250 0.037500
0 0.850000 0.083333 0.043750 0.058333
0 0.865625 0.166667 0.037500 0.062500
0 0.834375 0.158333 0.043750 0.062500
0 0.793750 0.150000 0.050000 0.041667
0 0.759375 0.166667 0.021875 0.050000
0 0.775000 0.212500 0.056250 0.037500
0 0.768750 0.258333 0.037500 0.070833
0 0.759375 0.350000 0.028125 0.037500
0 0.728125 0.358333 0.043750 0.050000
0 0.721875 0.391667 0.021875 0.070833
0 0.718750 0.458333 0.028125 0.070833
0 0.675000 0.437500 0.053125 0.054167
0 0.650000 0.495833 0.034375 0.058333
0 0.628125 0.529167 0.031250 0.037500
0 0.559375 0.508333 0.021875 0.062500
0 0.606250 0.479167 0.025000 0.033333
0 0.503125 0.520833 0.028125 0.058333
0 0.500000 0.462500 0.034375 0.050000
0 0.500000 0.420833 0.034375 0.041667
0 0.571875 0.445833 0.040625 0.050000
0 0.546875 0.366667 0.028125 0.062500
0 0.581250 0.337500 0.034375 0.054167
0 0.634375 0.387500 0.031250 0.037500
0 0.662500 0.337500 0.031250 0.066667
0 0.684375 0.283333 0.021875 0.058333
0 0.718750 0.245833 0.018750 0.066667
0 0.731250 0.300000 0.037500 0.037500
0 0.675000 0.212500 0.037500 0.037500
0 0.646875 0.237500 0.028125 0.037500
0 0.606250 0.270833 0.025000 0.054167
0 0.568750 0.241667 0.034375 0.070833
0 0.559375 0.166667 0.018750 0.079167
0 0.600000 0.158333 0.021875 0.066667
0 0.640625 0.145833 0.012500 0.062500
0 0.668750 0.104167 0.015625 0.070833
0 0.703125 0.137500 0.028125 0.037500
0 0.712500 0.179167 0.028125 0.025000
0 0.746875 0.108333 0.040625 0.054167
0 0.775000 0.050000 0.028125 0.054167
0 0.887500 0.025000 0.043750 0.041667
0 0.937500 0.016667 0.012500 0.037500
0 0.981250 0.025000 0.025000 0.058333
0 0.734375 0.020833 0.043750 0.050000
0 0.653125 0.045833 0.025000 0.058333
0 0.606250 0.095833 0.043750 0.058333
0 0.562500 0.054167 0.050000 0.075000
0 0.531250 0.079167 0.034375 0.087500
0 0.618750 0.008333 0.040625 0.025000
0 0.531250 0.804167 0.046875 0.029167
0 0.534375 0.750000 0.040625 0.033333
0 0.528125 0.712500 0.025000 0.045833
0 0.503125 0.704167 0.025000 0.075000
0 0.450000 0.783333 0.050000 0.058333
0 0.396875 0.808333 0.040625 0.095833
0 0.428125 0.704167 0.021875 0.037500
0 0.453125 0.687500 0.028125 0.045833
0 0.475000 0.637500 0.034375 0.045833
0 0.446875 0.541667 0.028125 0.062500
0 0.456250 0.479167 0.028125 0.066667
0 0.453125 0.416667 0.021875 0.054167
0 0.487500 0.379167 0.040625 0.054167
0 0.500000 0.329167 0.025000 0.050000
0 0.540625 0.241667 0.034375 0.054167
0 0.534375 0.200000 0.031250 0.058333
0 0.503125 0.254167 0.043750 0.054167
0 0.468750 0.216667 0.031250 0.037500
0 0.468750 0.162500 0.031250 0.054167
0 0.446875 0.254167 0.021875 0.045833
0 0.443750 0.329167 0.040625 0.054167
0 0.375000 0.329167 0.050000 0.041667
0 0.321875 0.341667 0.040625 0.041667
0 0.334375 0.383333 0.028125 0.058333
0 0.290625 0.395833 0.025000 0.041667
0 0.368750 0.420833 0.021875 0.075000
0 0.412500 0.400000 0.021875 0.054167
0 0.318750 0.433333 0.043750 0.050000
0 0.290625 0.491667 0.034375 0.050000
0 0.309375 0.516667 0.040625 0.062500
0 0.315625 0.558333 0.025000 0.058333
0 0.350000 0.533333 0.025000 0.062500
0 0.356250 0.475000 0.034375 0.045833
0 0.387500 0.462500 0.018750 0.066667
0 0.425000 0.450000 0.031250 0.058333
0 0.415625 0.529167 0.018750 0.058333
0 0.396875 0.541667 0.021875 0.070833
0 0.381250 0.520833 0.015625 0.050000
0 0.365625 0.575000 0.031250 0.041667
0 0.428125 0.587500 0.034375 0.045833
0 0.400000 0.612500 0.050000 0.033333
0 0.393750 0.654167 0.031250 0.029167
0 0.346875 0.679167 0.037500 0.041667
0 0.306250 0.641667 0.034375 0.033333
0 0.343750 0.604167 0.028125 0.050000
0 0.281250 0.608333 0.040625 0.037500
0 0.271875 0.687500 0.034375 0.025000
0 0.253125 0.700000 0.037500 0.041667
0 0.284375 0.758333 0.034375 0.033333
0 0.334375 0.733333 0.046875 0.045833
0 0.312500 0.812500 0.037500 0.037500
0 0.368750 0.808333 0.028125 0.029167
0 0.340625 0.866667 0.037500 0.062500
0 0.378125 0.887500 0.025000 0.058333
0 0.384375 0.945833 0.018750 0.058333
0 0.353125 0.962500 0.037500 0.050000
0 0.209375 0.975000 0.040625 0.037500
0 0.256250 0.983333 0.034375 0.025000
0 0.253125 0.904167 0.034375 0.033333
0 0.309375 0.870833 0.031250 0.062500
0 0.253125 0.858333 0.046875 0.037500
0 0.262500 0.804167 0.025000 0.045833
0 0.231250 0.808333 0.043750 0.050000
0 0.209375 0.766667 0.050000 0.029167
0 0.193750 0.716667 0.034375 0.054167
0 0.228125 0.583333 0.034375 0.045833
0 0.165625 0.641667 0.028125 0.054167
0 0.140625 0.700000 0.040625 0.037500
0 0.115625 0.737500 0.040625 0.045833
0 0.146875 0.758333 0.043750 0.054167
0 0.206250 0.887500 0.043750 0.041667
0 0.156250 0.895833 0.025000 0.037500
0 0.175000 0.945833 0.028125 0.037500
0 0.128125 0.975000 0.031250 0.045833
0 0.059375 0.983333 0.034375 0.029167
0 0.012500 0.950000 0.028125 0.045833
0 0.012500 0.866667 0.028125 0.070833
0 0.053125 0.891667 0.034375 0.045833
0 0.106250 0.879167 0.031250 0.045833
0 0.065625 0.820833 0.018750 0.025000
0 0.025000 0.808333 0.034375 0.037500
0 0.393750 0.233333 0.025000 0.033333
0 0.368750 0.262500 0.037500 0.025000
0 0.421875 0.166667 0.031250 0.037500
0 0.390625 0.145833 0.040625 0.075000
0 0.356250 0.162500 0.028125 0.054167
0 0.340625 0.137500 0.034375 0.037500
0 0.403125 0.062500 0.034375 0.037500
0 0.368750 0.037500 0.028125 0.050000
0 0.312500 0.075000 0.031250 0.050000
0 0.318750 0.220833 0.046875 0.033333
0 0.318750 0.283333 0.043750 0.050000
0 0.287500 0.270833 0.034375 0.066667
0 0.271875 0.304167 0.040625 0.037500
0 0.246875 0.362500 0.037500 0.033333
0 0.200000 0.345833 0.050000 0.037500
0 0.175000 0.412500 0.043750 0.037500
0 0.165625 0.558333 0.028125 0.037500
0 0.118750 0.612500 0.034375 0.033333
0 0.093750 0.641667 0.053125 0.050000
0 0.056250 0.691667 0.034375 0.058333
0 0.084375 0.679167 0.025000 0.058333
0 0.015625 0.708333 0.034375 0.045833
0 0.043750 0.758333 0.034375 0.045833
0 0.143750 0.395833 0.025000 0.045833
0 0.109375 0.454167 0.043750 0.045833
0 0.093750 0.550000 0.034375 0.075000
0 0.028125 0.604167 0.040625 0.058333
0 0.050000 0.462500 0.031250 0.062500
0 0.071875 0.391667 0.028125 0.033333
0 0.134375 0.329167 0.028125 0.037500
0 0.118750 0.279167 0.028125 0.037500
0 0.084375 0.270833 0.034375 0.041667
0 0.025000 0.304167 0.034375 0.037500
0 0.015625 0.383333 0.025000 0.050000
0 0.028125 0.241667 0.021875 0.037500
0 0.203125 0.291667 0.031250 0.054167
0 0.237500 0.250000 0.025000 0.075000
0 0.265625 0.200000 0.018750 0.083333
0 0.234375 0.154167 0.031250 0.054167
0 0.196875 0.158333 0.025000 0.054167
0 0.175000 0.229167 0.021875 0.045833
0 0.137500 0.237500 0.028125 0.054167
0 0.156250 0.187500 0.025000 0.054167
0 0.150000 0.133333 0.025000 0.033333
0 0.209375 0.100000 0.034375 0.054167
0 0.218750 0.066667 0.043750 0.050000
0 0.178125 0.012500 0.037500 0.029167
0 0.068750 0.033333 0.012500 0.070833
0 0.087500 0.029167 0.015625 0.054167
0 0.118750 0.025000 0.021875 0.037500
0 0.140625 0.058333 0.043750 0.041667
0 0.103125 0.116667 0.025000 0.041667
0 0.062500 0.116667 0.025000 0.075000
0 0.093750 0.204167 0.034375 0.045833
0 0.050000 0.200000 0.021875 0.062500
0 0.031250 0.145833 0.028125 0.058333
0 0.009375 0.100000 0.021875 0.033333
0 0.025000 0.079167 0.028125 0.066667
0 0.050000 0.058333 0.015625 0.070833
0 0.012500 0.033333 0.028125 0.037500
0 0.012500 0.191667 0.025000 0.037500
