0 0.028125 0.050000 0.031250 0.075000
0 0.081250 0.041667 0.031250 0.050000
0 0.112500 0.016667 0.028125 0.037500
0 0.040625 0.108333 0.037500 0.045833
0 0.040625 0.212500 0.031250 0.033333
0 0.040625 0.170833 0.025000 0.020833
0 0.018750 0.462500 0.040625 0.058333
0 0.043750 0.395833 0.087500 0.025000
0 0.031250 0.325000 0.025000 0.041667
0 0.062500 0.295833 0.034375 0.058333
0 0.075000 0.341667 0.037500 0.041667
0 0.031250 0.262500 0.034375 0.041667
0 0.093750 0.212500 0.040625 0.050000
0 0.171875 0.216667 0.040625 0.037500
0 0.234375 0.200000 0.031250 0.079167
0 0.218750 0.270833 0.040625 0.041667
0 0.146875 0.304167 0.034375 0.037500
0 0.184375 0.333333 0.050000 0.029167
0 0.243750 0.325000 0.031250 0.033333
0 0.271875 0.333333 0.037500 0.058333
0 0.209375 0.383333 0.034375 0.029167
0 0.234375 0.412500 0.037500 0.029167
0 0.284375 0.408333 0.037500 0.041667
0 0.275000 0.445833 0.040625 0.041667
0 0.262500 0.495833 0.025000 0.041667
0 0.231250 0.495833 0.037500 0.033333
0 0.212500 0.462500 0.028125 0.062500
0 0.137500 0.404167 0.021875 0.045833
0 0.121875 0.462500 0.037500 0.045833
0 0.068750 0.445833 0.028125 0.050000
0 0.081250 0.508333 0.031250 0.041667
0 0.131250 0.516667 0.021875 0.033333
0 0.178125 0.462500 0.028125 0.070833
0 0.100000 0.554167 0.037500 0.050000
0 0.059375 0.587500 0.025000 0.054167
0 0.046875 0.541667 0.037500 0.054167
0 0.006250 0.541667 0.015625 0.045833
0 0.012500 0.633333 0.015625 0.054167
0 0.053125 0.654167 0.034375 0.058333
0 0.134375 0.629167 0.034375 0.041667
0 0.150000 0.575000 0.037500 0.041667
0 0.196875 0.550000 0.031250 0.037500
0 0.215625 0.570833 0.037500 0.054167
0 0.287500 0.545833 0.043750 0.033333
0 0.315625 0.500000 0.034375 0.041667
0 0.362500 0.433333 0.043750 0.045833
0 0.340625 0.379167 0.043750 0.029167
0 0.353125 0.262500 0.040625 0.045833
0 0.362500 0.162500 0.046875 0.045833
0 0.365625 0.091667 0.037500 0.058333
0 0.300000 0.058333 0.034375 0.050000
0 0.309375 0.125000 0.040625 0.050000
0 0.009375 0.787500 0.021875 0.041667
0 0.056250 0.779167 0.034375 0.033333
0 0.037500 0.808333 0.034375 0.037500
0 0.028125 0.895833 0.034375 0.050000
0 0.078125 0.858333 0.040625 0.041667
0 0.056250 0.929167 0.034375 0.054167
0 0.450000 0.025000 0.025000 0.054167
0 0.490625 0.029167 0.034375 0.058333
0 0.456250 0.062500 0.043750 0.033333
0 0.434375 0.141667 0.056250 0.062500
0 0.509375 0.125000 0.018750 0.033333
0 0.534375 0.137500 0.021875 0.062500
0 0.565625 0.154167 0.025000 0.054167
0 0.562500 0.054167 0.037500 0.045833
0 0.600000 0.029167 0.025000 0.062500
0 0.640625 0.016667 0.028125 0.037500
0 0.653125 0.083333 0.028125 0.058333
0 0.675000 0.133333 0.040625 0.050000
0 0.706250 0.079167 0.018750 0.033333
0 0.625000 0.141667 0.028125 0.050000
0 0.618750 0.212500 0.046875 0.045833
0 0.587500 0.233333 0.053125 0.041667
0 0.478125 0.250000 0.040625 0.058333
0 0.421875 0.383333 0.034375 0.079167
0 0.478125 0.329167 0.034375 0.041667
0 0.550000 0.308333 0.037500 0.041667
0 0.659375 0.266667 0.040625 0.041667
0 0.746875 0.262500 0.068750 0.041667
0 0.818750 0.187500 0.046875 0.050000
0 0.856250 0.150000 0.034375 0.045833
0 0.840625 0.104167 0.028125 0.050000
0 0.850000 0.029167 0.043750 0.050000
0 0.756250 0.058333 0.037500 0.041667
0 0.781250 0.091667 0.037500 0.037500
0 0.809375 0.100000 0.021875 0.058333
0 0.765625 0.145833 0.031250 0.033333
0 0.981250 0.154167 0.034375 0.054167
0 0.971875 0.191667 0.046875 0.050000
0 0.937500 0.212500 0.028125 0.041667
0 0.953125 0.266667 0.062500 0.033333
0 0.968750 0.300000 0.056250 0.045833
0 0.884375 0.295833 0.034375 0.045833
0 0.850000 0.300000 0.040625 0.050000
0 0.912500 0.337500 0.037500 0.050000
0 0.950000 0.366667 0.018750 0.037500
0 0.962500 0.395833 0.046875 0.045833
0 0.971875 0.425000 0.031250 0.041667
0 0.978125 0.458333 0.037500 0.041667
0 0.890625 0.412500 0.046875 0.045833
0 0.859375 0.370833 0.040625 0.050000
0 0.771875 0.345833 0.043750 0.050000
0 0.800000 0.383333 0.025000 0.041667
0 0.712500 0.316667 0.025000 0.045833
0 0.631250 0.350000 0.053125 0.041667
0 0.581250 0.358333 0.028125 0.041667
0 0.609375 0.412500 0.028125 0.037500
0 0.659375 0.445833 0.040625 0.033333
0 0.696875 0.375000 0.040625 0.041667
0 0.100000 0.683333 0.037500 0.037500
0 0.115625 0.741667 0.037500 0.033333
0 0.171875 0.729167 0.018750 0.058333
0 0.181250 0.662500 0.025000 0.050000
0 0.218750 0.687500 0.034375 0.037500
0 0.243750 0.650000 0.043750 0.025000
0 0.265625 0.616667 0.053125 0.041667
0 0.293750 0.579167 0.046875 0.029167
0 0.337500 0.575000 0.046875 0.029167
0 0.371875 0.504167 0.040625 0.033333
0 0.431250 0.483333 0.031250 0.050000
0 0.468750 0.425000 0.021875 0.033333
0 0.506250 0.412500 0.050000 0.033333
0 0.468750 0.516667 0.025000 0.050000
0 0.503125 0.537500 0.025000 0.062500
0 0.556250 0.458333 0.028125 0.070833
0 0.571875 0.508333 0.025000 0.054167
0 0.593750 0.520833 0.037500 0.029167
0 0.656250 0.483333 0.015625 0.041667
0 0.696875 0.504167 0.021875 0.029167
0 0.715625 0.420833 0.037500 0.045833
0 0.762500 0.416667 0.025000 0.037500
0 0.775000 0.458333 0.028125 0.045833
0 0.821875 0.450000 0.028125 0.058333
0 0.862500 0.462500 0.028125 0.058333
0 0.862500 0.529167 0.034375 0.054167
0 0.896875 0.491667 0.028125 0.062500
0 0.931250 0.508333 0.025000 0.087500
0 0.953125 0.545833 0.025000 0.037500
0 0.793750 0.533333 0.037500 0.041667
0 0.737500 0.529167 0.015625 0.050000
0 0.634375 0.537500 0.034375 0.054167
0 0.584375 0.562500 0.043750 0.050000
0 0.571875 0.604167 0.028125 0.050000
0 0.625000 0.612500 0.031250 0.050000
0 0.646875 0.595833 0.028125 0.029167
0 0.675000 0.566667 0.025000 0.029167
0 0.693750 0.558333 0.025000 0.041667
0 0.700000 0.600000 0.021875 0.058333
0 0.728125 0.625000 0.021875 0.054167
0 0.768750 0.620833 0.025000 0.050000
0 0.790625 0.641667 0.018750 0.054167
0 0.840625 0.620833 0.025000 0.041667
0 0.871875 0.591667 0.021875 0.050000
0 0.925000 0.650000 0.028125 0.054167
0 0.946875 0.687500 0.021875 0.058333
0 0.975000 0.725000 0.043750 0.058333
0 0.937500 0.775000 0.015625 0.037500
0 0.884375 0.733333 0.037500 0.041667
0 0.856250 0.716667 0.028125 0.054167
0 0.821875 0.712500 0.031250 0.050000
0 0.753125 0.708333 0.031250 0.045833
0 0.637500 0.654167 0.025000 0.041667
0 0.678125 0.662500 0.034375 0.025000
0 0.578125 0.654167 0.034375 0.050000
0 0.531250 0.645833 0.021875 0.054167
0 0.462500 0.620833 0.037500 0.058333
0 0.390625 0.575000 0.028125 0.037500
0 0.353125 0.608333 0.046875 0.041667
0 0.346875 0.650000 0.034375 0.054167
0 0.425000 0.658333 0.034375 0.054167
0 0.415625 0.708333 0.021875 0.045833
0 0.450000 0.754167 0.025000 0.054167
0 0.471875 0.779167 0.018750 0.058333
0 0.396875 0.783333 0.043750 0.050000
0 0.303125 0.683333 0.053125 0.041667
0 0.328125 0.729167 0.053125 0.050000
0 0.321875 0.770833 0.031250 0.045833
0 0.234375 0.800000 0.031250 0.045833
0 0.162500 0.804167 0.025000 0.029167
0 0.121875 0.841667 0.028125 0.037500
0 0.175000 0.858333 0.034375 0.045833
0 0.196875 0.900000 0.034375 0.033333
0 0.259375 0.850000 0.043750 0.062500
0 0.309375 0.854167 0.021875 0.045833
0 0.325000 0.891667 0.018750 0.066667
0 0.287500 0.929167 0.028125 0.050000
0 0.384375 0.891667 0.034375 0.058333
0 0.434375 0.870833 0.031250 0.041667
0 0.487500 0.837500 0.037500 0.079167
0 0.559375 0.837500 0.053125 0.062500
0 0.559375 0.700000 0.040625 0.050000
0 0.578125 0.741667 0.025000 0.041667
0 0.615625 0.712500 0.025000 0.033333
0 0.653125 0.725000 0.021875 0.029167
0 0.675000 0.720833 0.037500 0.037500
0 0.706250 0.741667 0.034375 0.029167
0 0.615625 0.800000 0.043750 0.045833
0 0.656250 0.791667 0.040625 0.054167
0 0.734375 0.812500 0.034375 0.054167
0 0.781250 0.770833 0.021875 0.029167
0 0.821875 0.787500 0.025000 0.045833
0 0.893750 0.791667 0.028125 0.050000
0 0.881250 0.820833 0.018750 0.045833
0 0.921875 0.870833 0.018750 0.037500
0 0.953125 0.866667 0.025000 0.041667
0 0.987500 0.887500 0.018750 0.041667
0 0.968750 0.954167 0.031250 0.045833
0 0.909375 0.937500 0.025000 0.041667
0 0.865625 0.875000 0.031250 0.041667
0 0.815625 0.891667 0.018750 0.045833
0 0.768750 0.862500 0.025000 0.045833
0 0.784375 0.925000 0.021875 0.054167
0 0.728125 0.895833 0.025000 0.041667
0 0.643750 0.854167 0.025000 0.037500
0 0.625000 0.916667 0.043750 0.054167
0 0.668750 0.945833 0.025000 0.058333
0 0.703125 0.954167 0.031250 0.041667
0 0.740625 0.970833 0.037500 0.041667
0 0.781250 0.983333 0.021875 0.029167
0 0.818750 0.975000 0.031250 0.041667
0 0.859375 0.950000 0.031250 0.033333
0 0.553125 0.916667 0.050000 0.041667
0 0.506250 0.941667 0.043750 0.062500
0 0.453125 0.958333 0.034375 0.045833
0 0.421875 0.970833 0.031250 0.054167
0 0.343750 0.970833 0.043750 0.037500
0 0.190625 0.945833 0.043750 0.041667
0 0.131250 0.954167 0.018750 0.041667
0 0.240625 0.962500 0.015625 0.033333
0 0.206250 0.979167 0.037500 0.033333
0 0.109375 0.983333 0.028125 0.029167
0 0.009375 0.983333 0.021875 0.029167
