0 0.028125 0.154167 0.040625 0.087500
0 0.171875 0.075000 0.081250 0.075000
0 0.106250 0.275000 0.059375 0.091667
0 0.034375 0.383333 0.053125 0.087500
0 0.175000 0.262500 0.059375 0.062500
0 0.221875 0.308333 0.050000 0.125000
0 0.178125 0.433333 0.071875 0.116667
0 0.215625 0.566667 0.068750 0.070833
0 0.234375 0.683333 0.053125 0.108333
0 0.146875 0.587500 0.053125 0.075000
0 0.112500 0.600000 0.053125 0.070833
0 0.112500 0.662500 0.062500 0.079167
0 0.159375 0.716667 0.056250 0.083333
0 0.115625 0.758333 0.081250 0.075000
0 0.090625 0.833333 0.040625 0.066667
0 0.125000 0.887500 0.071875 0.066667
0 0.043750 0.904167 0.046875 0.075000
0 0.025000 0.975000 0.053125 0.041667
0 0.237500 0.970833 0.040625 0.054167
0 0.287500 0.975000 0.050000 0.045833
0 0.250000 0.033333 0.050000 0.066667
0 0.287500 0.233333 0.065625 0.158333
0 0.381250 0.212500 0.075000 0.066667
0 0.368750 0.283333 0.040625 0.083333
0 0.412500 0.416667 0.068750 0.070833
0 0.406250 0.316667 0.050000 0.075000
0 0.462500 0.283333 0.053125 0.045833
0 0.481250 0.320833 0.046875 0.058333
0 0.506250 0.450000 0.062500 0.079167
0 0.459375 0.483333 0.037500 0.079167
0 0.543750 0.708333 0.062500 0.066667
0 0.450000 0.741667 0.034375 0.066667
0 0.490625 0.754167 0.037500 0.075000
0 0.431250 0.920833 0.050000 0.066667
0 0.475000 0.854167 0.056250 0.062500
0 0.465625 0.891667 0.046875 0.045833
0 0.518750 0.833333 0.053125 0.091667
0 0.568750 0.970833 0.037500 0.050000
0 0.671875 0.975000 0.034375 0.041667
0 0.753125 0.929167 0.050000 0.070833
0 0.306250 0.066667 0.046875 0.083333
0 0.540625 0.016667 0.056250 0.037500
0 0.518750 0.137500 0.053125 0.050000
0 0.865625 0.066667 0.096875 0.087500
0 0.662500 0.070833 0.071875 0.050000
0 0.700000 0.187500 0.068750 0.050000
0 0.609375 0.141667 0.068750 0.062500
0 0.571875 0.212500 0.059375 0.079167
0 0.615625 0.279167 0.075000 0.033333
0 0.640625 0.245833 0.034375 0.070833
0 0.715625 0.291667 0.062500 0.087500
0 0.671875 0.350000 0.043750 0.070833
0 0.678125 0.445833 0.059375 0.070833
0 0.646875 0.554167 0.059375 0.058333
0 0.712500 0.537500 0.046875 0.066667
0 0.596875 0.454167 0.075000 0.062500
0 0.406250 0.595833 0.106250 0.087500
0 0.775000 0.762500 0.068750 0.070833
0 0.765625 0.583333 0.056250 0.066667
0 0.600000 0.379167 0.075000 0.062500
0 0.940625 0.929167 0.075000 0.075000
0 0.809375 0.520833 0.075000 0.062500
0 0.912500 0.454167 0.075000 0.087500
0 0.965625 0.362500 0.043750 0.075000
0 0.981250 0.258333 0.031250 0.083333
0 0.928125 0.120833 0.053125 0.054167
0 0.978125 0.162500 0.040625 0.062500
0 0.965625 0.508333 0.062500 0.058333
0 0.984375 0.425000 0.028125 0.083333
