0 0.187500 0.033333 0.037500 0.070833
0 0.237500 0.054167 0.034375 0.083333
0 0.278125 0.045833 0.034375 0.045833
0 0.315625 0.058333 0.037500 0.033333
0 0.312500 0.012500 0.050000 0.029167
0 0.384375 0.012500 0.031250 0.029167
0 0.425000 0.029167 0.040625 0.045833
0 0.009375 0.962500 0.021875 0.020833
0 0.043750 0.975000 0.031250 0.041667
0 0.056250 0.933333 0.031250 0.070833
0 0.031250 0.870833 0.037500 0.037500
0 0.012500 0.816667 0.028125 0.045833
0 0.028125 0.162500 0.031250 0.041667
0 0.062500 0.112500 0.028125 0.070833
0 0.046875 0.045833 0.037500 0.054167
0 0.106250 0.079167 0.021875 0.045833
0 0.087500 0.208333 0.012500 0.050000
0 0.118750 0.145833 0.028125 0.050000
0 0.156250 0.220833 0.031250 0.045833
0 0.109375 0.266667 0.037500 0.037500
0 0.081250 0.291667 0.043750 0.058333
0 0.078125 0.341667 0.031250 0.041667
0 0.025000 0.308333 0.028125 0.062500
0 0.009375 0.587500 0.018750 0.062500
0 0.028125 0.525000 0.028125 0.050000
0 0.068750 0.520833 0.031250 0.058333
0 0.109375 0.512500 0.040625 0.054167
0 0.128125 0.408333 0.037500 0.058333
0 0.184375 0.383333 0.031250 0.041667
0 0.237500 0.354167 0.034375 0.033333
0 0.168750 0.300000 0.028125 0.033333
0 0.228125 0.287500 0.028125 0.037500
0 0.253125 0.195833 0.050000 0.037500
0 0.290625 0.233333 0.037500 0.062500
0 0.293750 0.429167 0.031250 0.037500
0 0.300000 0.500000 0.050000 0.033333
0 0.290625 0.554167 0.025000 0.050000
0 0.209375 0.475000 0.031250 0.050000
0 0.159375 0.533333 0.025000 0.054167
0 0.181250 0.579167 0.028125 0.037500
0 0.106250 0.637500 0.034375 0.058333
0 0.081250 0.629167 0.028125 0.045833
0 0.043750 0.629167 0.018750 0.066667
0 0.003125 0.695833 0.012500 0.100000
0 0.015625 0.708333 0.021875 0.091667
0 0.034375 0.741667 0.021875 0.062500
0 0.053125 0.725000 0.034375 0.045833
0 0.100000 0.704167 0.031250 0.037500
0 0.103125 0.820833 0.034375 0.058333
0 0.100000 0.954167 0.046875 0.050000
0 0.171875 0.854167 0.028125 0.050000
0 0.200000 0.670833 0.037500 0.070833
0 0.215625 0.145833 0.031250 0.041667
0 0.346875 0.179167 0.037500 0.050000
0 0.393750 0.166667 0.031250 0.045833
0 0.428125 0.170833 0.034375 0.062500
0 0.350000 0.441667 0.031250 0.050000
0 0.215625 0.554167 0.037500 0.045833
0 0.271875 0.608333 0.056250 0.033333
0 0.262500 0.637500 0.046875 0.050000
0 0.240625 0.712500 0.021875 0.070833
0 0.271875 0.729167 0.025000 0.045833
0 0.300000 0.679167 0.031250 0.025000
0 0.337500 0.641667 0.043750 0.029167
0 0.371875 0.662500 0.015625 0.058333
0 0.393750 0.579167 0.025000 0.029167
0 0.390625 0.529167 0.046875 0.029167
0 0.362500 0.491667 0.037500 0.033333
0 0.303125 0.750000 0.021875 0.058333
0 0.346875 0.754167 0.053125 0.041667
0 0.337500 0.812500 0.040625 0.050000
0 0.328125 0.862500 0.037500 0.045833
0 0.381250 0.887500 0.034375 0.045833
0 0.375000 0.954167 0.037500 0.033333
0 0.331250 0.966667 0.053125 0.033333
0 0.253125 0.808333 0.037500 0.058333
0 0.281250 0.866667 0.021875 0.066667
0 0.278125 0.929167 0.025000 0.054167
0 0.237500 0.887500 0.050000 0.045833
0 0.418750 0.837500 0.040625 0.066667
0 0.456250 0.825000 0.046875 0.045833
0 0.471875 0.879167 0.034375 0.062500
0 0.512500 0.854167 0.031250 0.045833
0 0.537500 0.979167 0.031250 0.037500
0 0.571875 0.945833 0.046875 0.029167
0 0.550000 0.858333 0.018750 0.037500
0 0.431250 0.770833 0.050000 0.041667
0 0.478125 0.762500 0.050000 0.050000
0 0.512500 0.766667 0.059375 0.045833
0 0.575000 0.845833 0.040625 0.045833
0 0.615625 0.825000 0.040625 0.033333
0 0.659375 0.850000 0.028125 0.045833
0 0.684375 0.883333 0.034375 0.041667
0 0.728125 0.800000 0.046875 0.045833
0 0.706250 0.775000 0.040625 0.045833
0 0.743750 0.870833 0.050000 0.037500
0 0.940625 0.875000 0.046875 0.041667
0 0.990625 0.845833 0.012500 0.037500
0 0.915625 0.820833 0.028125 0.016667
0 0.940625 0.791667 0.034375 0.033333
0 0.965625 0.754167 0.025000 0.037500
0 0.950000 0.670833 0.025000 0.041667
0 0.978125 0.620833 0.031250 0.037500
0 0.896875 0.675000 0.046875 0.041667
0 0.890625 0.720833 0.043750 0.033333
0 0.868750 0.766667 0.040625 0.033333
0 0.831250 0.883333 0.043750 0.041667
0 0.803125 0.800000 0.034375 0.029167
0 0.771875 0.687500 0.050000 0.045833
0 0.821875 0.695833 0.031250 0.054167
0 0.837500 0.658333 0.025000 0.054167
0 0.859375 0.625000 0.031250 0.050000
0 0.840625 0.600000 0.056250 0.037500
0 0.887500 0.583333 0.031250 0.037500
0 0.871875 0.520833 0.043750 0.029167
0 0.940625 0.554167 0.040625 0.037500
0 0.915625 0.483333 0.031250 0.041667
0 0.971875 0.470833 0.046875 0.045833
0 0.850000 0.441667 0.040625 0.045833
0 0.781250 0.525000 0.053125 0.050000
0 0.743750 0.600000 0.040625 0.037500
0 0.690625 0.691667 0.050000 0.041667
0 0.625000 0.762500 0.037500 0.033333
0 0.590625 0.683333 0.025000 0.037500
0 0.556250 0.687500 0.025000 0.041667
0 0.437500 0.687500 0.028125 0.054167
0 0.512500 0.650000 0.037500 0.050000
0 0.509375 0.575000 0.034375 0.045833
0 0.490625 0.516667 0.031250 0.041667
0 0.515625 0.454167 0.015625 0.066667
0 0.537500 0.495833 0.034375 0.045833
0 0.565625 0.545833 0.028125 0.045833
0 0.615625 0.625000 0.037500 0.050000
0 0.662500 0.650000 0.025000 0.050000
0 0.625000 0.575000 0.043750 0.033333
0 0.643750 0.541667 0.043750 0.037500
0 0.621875 0.483333 0.034375 0.037500
0 0.668750 0.504167 0.021875 0.041667
0 0.740625 0.479167 0.040625 0.045833
0 0.728125 0.408333 0.037500 0.045833
0 0.715625 0.358333 0.053125 0.045833
0 0.715625 0.316667 0.040625 0.037500
0 0.646875 0.329167 0.040625 0.054167
0 0.584375 0.329167 0.034375 0.058333
0 0.490625 0.429167 0.021875 0.062500
0 0.512500 0.383333 0.037500 0.050000
0 0.484375 0.341667 0.040625 0.050000
0 0.475000 0.116667 0.053125 0.045833
0 0.493750 0.050000 0.028125 0.075000
0 0.625000 0.012500 0.040625 0.029167
0 0.650000 0.050000 0.031250 0.037500
0 0.646875 0.100000 0.021875 0.050000
0 0.596875 0.133333 0.043750 0.070833
0 0.650000 0.212500 0.025000 0.050000
0 0.712500 0.229167 0.028125 0.045833
0 0.715625 0.141667 0.021875 0.045833
0 0.753125 0.154167 0.043750 0.041667
0 0.771875 0.191667 0.037500 0.075000
0 0.796875 0.233333 0.025000 0.050000
0 0.771875 0.320833 0.040625 0.058333
0 0.831250 0.258333 0.040625 0.054167
0 0.868750 0.291667 0.034375 0.037500
0 0.853125 0.345833 0.031250 0.029167
0 0.893750 0.341667 0.034375 0.037500
0 0.953125 0.375000 0.031250 0.058333
0 0.950000 0.295833 0.034375 0.058333
0 0.971875 0.241667 0.050000 0.045833
0 0.906250 0.245833 0.037500 0.054167
0 0.934375 0.187500 0.053125 0.070833
0 0.890625 0.179167 0.059375 0.058333
0 0.831250 0.187500 0.034375 0.054167
0 0.825000 0.129167 0.040625 0.041667
0 0.856250 0.108333 0.040625 0.054167
0 0.846875 0.070833 0.040625 0.058333
0 0.868750 0.020833 0.046875 0.045833
0 0.793750 0.058333 0.050000 0.029167
0 0.631250 0.920833 0.034375 0.029167
0 0.028125 0.216667 0.059375 0.045833
