0 0.037500 0.058333 0.056250 0.058333
0 0.128125 0.108333 0.071875 0.062500
0 0.156250 0.170833 0.062500 0.070833
0 0.096875 0.337500 0.062500 0.062500
0 0.103125 0.404167 0.062500 0.062500
0 0.134375 0.454167 0.040625 0.091667
0 0.065625 0.441667 0.078125 0.083333
0 0.196875 0.525000 0.053125 0.079167
0 0.078125 0.920833 0.071875 0.154167
0 0.340625 0.041667 0.065625 0.087500
0 0.456250 0.020833 0.078125 0.045833
0 0.459375 0.062500 0.065625 0.045833
0 0.581250 0.058333 0.043750 0.066667
0 0.531250 0.112500 0.046875 0.079167
0 0.490625 0.183333 0.062500 0.070833
0 0.425000 0.133333 0.043750 0.075000
0 0.393750 0.166667 0.043750 0.066667
0 0.425000 0.229167 0.053125 0.066667
0 0.356250 0.275000 0.078125 0.095833
0 0.318750 0.258333 0.078125 0.083333
0 0.240625 0.245833 0.056250 0.091667
0 0.318750 0.162500 0.068750 0.070833
0 0.668750 0.129167 0.071875 0.125000
0 0.725000 0.066667 0.065625 0.058333
0 0.743750 0.016667 0.062500 0.033333
0 0.831250 0.220833 0.046875 0.104167
0 0.912500 0.250000 0.053125 0.083333
0 0.962500 0.279167 0.059375 0.062500
0 0.925000 0.337500 0.053125 0.075000
0 0.971875 0.375000 0.050000 0.070833
0 0.959375 0.441667 0.071875 0.087500
0 0.875000 0.420833 0.062500 0.091667
0 0.800000 0.350000 0.059375 0.070833
0 0.756250 0.308333 0.040625 0.075000
0 0.731250 0.225000 0.040625 0.079167
0 0.684375 0.258333 0.050000 0.083333
0 0.681250 0.337500 0.059375 0.066667
0 0.743750 0.383333 0.065625 0.066667
0 0.812500 0.508333 0.068750 0.075000
0 0.253125 0.525000 0.053125 0.095833
0 0.281250 0.729167 0.046875 0.095833
0 0.253125 0.783333 0.050000 0.091667
0 0.278125 0.900000 0.056250 0.066667
0 0.353125 0.820833 0.062500 0.062500
0 0.465625 0.479167 0.046875 0.125000
0 0.534375 0.383333 0.065625 0.062500
0 0.634375 0.400000 0.059375 0.095833
0 0.568750 0.512500 0.040625 0.083333
0 0.518750 0.504167 0.040625 0.116667
0 0.490625 0.595833 0.053125 0.062500
0 0.450000 0.616667 0.028125 0.104167
0 0.509375 0.708333 0.046875 0.079167
0 0.571875 0.758333 0.081250 0.070833
0 0.715625 0.675000 0.062500 0.112500
0 0.787500 0.612500 0.053125 0.079167
0 0.890625 0.658333 0.068750 0.054167
0 0.978125 0.700000 0.037500 0.070833
0 0.978125 0.775000 0.037500 0.066667
0 0.921875 0.716667 0.053125 0.062500
0 0.840625 0.695833 0.046875 0.054167
0 0.762500 0.725000 0.043750 0.062500
0 0.787500 0.770833 0.043750 0.095833
0 0.900000 0.875000 0.068750 0.075000
0 0.718750 0.937500 0.046875 0.075000
0 0.593750 0.941667 0.075000 0.062500
0 0.337500 0.975000 0.037500 0.050000
