0 0.143750 0.037500 0.028125 0.041667
0 0.178125 0.033333 0.031250 0.045833
0 0.021875 0.033333 0.031250 0.050000
0 0.081250 0.033333 0.028125 0.045833
0 0.915625 0.016667 0.040625 0.037500
0 0.928125 0.066667 0.050000 0.075000
0 0.934375 0.141667 0.068750 0.075000
0 0.859375 0.637500 0.034375 0.054167
0 0.890625 0.570833 0.046875 0.058333
0 0.875000 0.483333 0.034375 0.062500
0 0.906250 0.487500 0.046875 0.041667
0 0.925000 0.525000 0.037500 0.058333
0 0.940625 0.583333 0.031250 0.045833
0 0.943750 0.475000 0.046875 0.033333
0 0.918750 0.333333 0.031250 0.066667
0 0.912500 0.395833 0.046875 0.058333
0 0.956250 0.350000 0.046875 0.041667
0 0.971875 0.400000 0.046875 0.029167
0 0.981250 0.458333 0.034375 0.050000
0 0.984375 0.620833 0.028125 0.054167
0 0.868750 0.029167 0.043750 0.062500
0 0.828125 0.104167 0.040625 0.075000
0 0.803125 0.020833 0.059375 0.037500
0 0.781250 0.066667 0.034375 0.037500
0 0.781250 0.104167 0.046875 0.045833
0 0.796875 0.129167 0.056250 0.033333
0 0.803125 0.150000 0.078125 0.041667
0 0.706250 0.062500 0.040625 0.066667
0 0.728125 0.116667 0.028125 0.079167
0 0.696875 0.129167 0.028125 0.041667
0 0.665625 0.137500 0.043750 0.045833
0 0.621875 0.095833 0.046875 0.033333
0 0.609375 0.012500 0.031250 0.033333
0 0.584375 0.037500 0.043750 0.041667
0 0.528125 0.016667 0.034375 0.037500
0 0.556250 0.058333 0.028125 0.062500
0 0.556250 0.120833 0.031250 0.062500
0 0.528125 0.104167 0.043750 0.033333
0 0.490625 0.112500 0.043750 0.037500
0 0.425000 0.129167 0.031250 0.041667
0 0.412500 0.070833 0.050000 0.037500
0 0.321875 0.075000 0.015625 0.025000
0 0.356250 0.020833 0.018750 0.037500
0 0.384375 0.016667 0.050000 0.033333
0 0.456250 0.020833 0.056250 0.033333
0 0.450000 0.070833 0.040625 0.029167
0 0.250000 0.025000 0.040625 0.037500
0 0.240625 0.079167 0.043750 0.054167
0 0.221875 0.145833 0.028125 0.062500
0 0.137500 0.129167 0.062500 0.041667
0 0.115625 0.075000 0.043750 0.029167
0 0.059375 0.045833 0.031250 0.058333
0 0.075000 0.087500 0.025000 0.050000
0 0.053125 0.120833 0.021875 0.058333
0 0.056250 0.154167 0.028125 0.037500
0 0.043750 0.200000 0.043750 0.050000
0 0.093750 0.195833 0.021875 0.054167
0 0.281250 0.183333 0.037500 0.054167
0 0.225000 0.266667 0.037500 0.050000
0 0.184375 0.308333 0.021875 0.095833
0 0.125000 0.350000 0.025000 0.062500
0 0.040625 0.333333 0.021875 0.062500
0 0.059375 0.425000 0.046875 0.062500
0 0.046875 0.475000 0.031250 0.045833
0 0.071875 0.550000 0.028125 0.037500
0 0.118750 0.562500 0.031250 0.045833
0 0.100000 0.616667 0.037500 0.058333
0 0.137500 0.620833 0.028125 0.050000
0 0.156250 0.545833 0.037500 0.050000
0 0.196875 0.483333 0.068750 0.045833
0 0.215625 0.445833 0.050000 0.037500
0 0.287500 0.420833 0.050000 0.041667
0 0.328125 0.412500 0.031250 0.025000
0 0.321875 0.362500 0.046875 0.041667
0 0.318750 0.295833 0.034375 0.045833
0 0.353125 0.212500 0.031250 0.045833
0 0.437500 0.229167 0.015625 0.079167
0 0.462500 0.237500 0.034375 0.062500
0 0.506250 0.212500 0.046875 0.033333
0 0.506250 0.170833 0.053125 0.037500
0 0.568750 0.195833 0.012500 0.070833
0 0.584375 0.216667 0.043750 0.041667
0 0.621875 0.241667 0.043750 0.041667
0 0.656250 0.183333 0.034375 0.041667
0 0.737500 0.204167 0.043750 0.050000
0 0.753125 0.175000 0.053125 0.037500
0 0.793750 0.175000 0.059375 0.037500
0 0.809375 0.237500 0.040625 0.050000
0 0.853125 0.329167 0.031250 0.050000
0 0.790625 0.262500 0.046875 0.041667
0 0.790625 0.312500 0.031250 0.075000
0 0.759375 0.295833 0.037500 0.033333
0 0.718750 0.275000 0.046875 0.041667
0 0.737500 0.320833 0.043750 0.045833
0 0.753125 0.366667 0.043750 0.033333
0 0.784375 0.391667 0.031250 0.041667
0 0.753125 0.437500 0.031250 0.045833
0 0.734375 0.404167 0.053125 0.029167
0 0.728125 0.441667 0.040625 0.037500
0 0.715625 0.483333 0.028125 0.054167
0 0.712500 0.529167 0.046875 0.066667
0 0.806250 0.529167 0.046875 0.045833
0 0.687500 0.616667 0.040625 0.062500
0 0.628125 0.616667 0.034375 0.075000
0 0.700000 0.358333 0.021875 0.041667
0 0.675000 0.383333 0.028125 0.054167
0 0.653125 0.337500 0.053125 0.058333
0 0.603125 0.345833 0.043750 0.050000
0 0.578125 0.325000 0.043750 0.062500
0 0.531250 0.354167 0.031250 0.066667
0 0.425000 0.300000 0.053125 0.045833
0 0.487500 0.420833 0.034375 0.058333
0 0.468750 0.479167 0.059375 0.041667
0 0.412500 0.495833 0.040625 0.070833
0 0.440625 0.562500 0.037500 0.062500
0 0.478125 0.545833 0.053125 0.054167
0 0.490625 0.600000 0.034375 0.075000
0 0.525000 0.604167 0.046875 0.033333
0 0.559375 0.616667 0.040625 0.045833
0 0.600000 0.604167 0.015625 0.033333
0 0.678125 0.445833 0.034375 0.062500
0 0.650000 0.420833 0.037500 0.062500
0 0.609375 0.395833 0.053125 0.058333
0 0.559375 0.416667 0.046875 0.045833
0 0.543750 0.470833 0.037500 0.062500
0 0.571875 0.512500 0.031250 0.050000
0 0.581250 0.558333 0.031250 0.029167
0 0.618750 0.454167 0.031250 0.037500
0 0.625000 0.487500 0.028125 0.062500
0 0.653125 0.479167 0.021875 0.054167
0 0.646875 0.541667 0.025000 0.041667
0 0.821875 0.604167 0.028125 0.029167
0 0.750000 0.620833 0.040625 0.050000
0 0.415625 0.437500 0.071875 0.087500
0 0.437500 0.354167 0.084375 0.041667
0 0.515625 0.295833 0.068750 0.054167
0 0.693750 0.250000 0.056250 0.058333
0 0.281250 0.558333 0.043750 0.045833
0 0.256250 0.604167 0.046875 0.054167
0 0.209375 0.637500 0.028125 0.058333
0 0.175000 0.608333 0.031250 0.054167
0 0.215625 0.512500 0.034375 0.045833
0 0.115625 0.491667 0.046875 0.070833
0 0.012500 0.562500 0.028125 0.041667
0 0.018750 0.587500 0.037500 0.070833
0 0.037500 0.616667 0.062500 0.037500
0 0.131250 0.675000 0.037500 0.062500
0 0.146875 0.712500 0.050000 0.045833
0 0.106250 0.733333 0.028125 0.070833
0 0.081250 0.666667 0.043750 0.062500
0 0.031250 0.650000 0.056250 0.066667
0 0.050000 0.716667 0.068750 0.054167
0 0.037500 0.758333 0.056250 0.066667
0 0.075000 0.841667 0.043750 0.041667
0 0.106250 0.816667 0.021875 0.054167
0 0.184375 0.762500 0.043750 0.054167
0 0.218750 0.712500 0.071875 0.062500
0 0.259375 0.679167 0.053125 0.033333
0 0.275000 0.733333 0.053125 0.062500
0 0.312500 0.720833 0.046875 0.062500
0 0.334375 0.691667 0.071875 0.045833
0 0.325000 0.637500 0.046875 0.037500
0 0.181250 0.816667 0.053125 0.079167
0 0.193750 0.870833 0.034375 0.075000
0 0.225000 0.879167 0.037500 0.100000
0 0.275000 0.912500 0.043750 0.062500
0 0.065625 0.929167 0.059375 0.062500
0 0.015625 0.854167 0.031250 0.058333
0 0.059375 0.979167 0.034375 0.041667
0 0.290625 0.983333 0.034375 0.033333
0 0.393750 0.912500 0.053125 0.079167
0 0.409375 0.858333 0.034375 0.079167
0 0.428125 0.820833 0.025000 0.050000
0 0.456250 0.891667 0.028125 0.045833
0 0.468750 0.833333 0.025000 0.050000
0 0.484375 0.812500 0.040625 0.037500
0 0.484375 0.754167 0.028125 0.029167
0 0.406250 0.750000 0.037500 0.029167
0 0.343750 0.829167 0.028125 0.050000
0 0.515625 0.841667 0.034375 0.033333
0 0.556250 0.800000 0.034375 0.054167
0 0.609375 0.766667 0.034375 0.037500
0 0.631250 0.816667 0.028125 0.029167
0 0.593750 0.875000 0.037500 0.075000
0 0.681250 0.833333 0.065625 0.058333
0 0.678125 0.733333 0.056250 0.029167
0 0.621875 0.941667 0.025000 0.037500
0 0.656250 0.929167 0.040625 0.058333
0 0.368750 0.658333 0.040625 0.033333
0 0.459375 0.650000 0.025000 0.050000
0 0.559375 0.662500 0.040625 0.033333
0 0.553125 0.716667 0.034375 0.041667
0 0.609375 0.658333 0.025000 0.045833
0 0.728125 0.679167 0.053125 0.037500
0 0.715625 0.720833 0.040625 0.037500
0 0.865625 0.666667 0.040625 0.062500
0 0.896875 0.666667 0.040625 0.066667
0 0.912500 0.704167 0.037500 0.050000
0 0.959375 0.695833 0.028125 0.050000
0 0.987500 0.733333 0.021875 0.070833
0 0.931250 0.745833 0.053125 0.041667
0 0.928125 0.783333 0.050000 0.058333
0 0.881250 0.758333 0.037500 0.037500
0 0.828125 0.737500 0.025000 0.054167
0 0.796875 0.766667 0.021875 0.050000
0 0.762500 0.750000 0.040625 0.045833
0 0.778125 0.833333 0.031250 0.054167
0 0.737500 0.887500 0.043750 0.058333
0 0.696875 0.908333 0.025000 0.062500
0 0.712500 0.975000 0.046875 0.037500
0 0.762500 0.925000 0.043750 0.037500
0 0.790625 0.900000 0.037500 0.033333
0 0.812500 0.958333 0.034375 0.075000
0 0.859375 0.962500 0.031250 0.075000
0 0.853125 0.904167 0.031250 0.054167
0 0.865625 0.816667 0.025000 0.045833
0 0.918750 0.891667 0.050000 0.041667
0 0.915625 0.829167 0.037500 0.029167
0 0.940625 0.929167 0.046875 0.045833
0 0.984375 0.937500 0.025000 0.062500
0 0.975000 0.800000 0.025000 0.050000
