0 0.231250 0.287500 0.081250 0.091667
0 0.346875 0.308333 0.087500 0.075000
0 0.115625 0.145833 0.062500 0.070833
0 0.162500 0.541667 0.053125 0.083333
0 0.221875 0.554167 0.059375 0.070833
0 0.096875 0.604167 0.071875 0.087500
0 0.109375 0.691667 0.053125 0.100000
0 0.231250 0.679167 0.043750 0.075000
0 0.259375 0.733333 0.053125 0.087500
0 0.315625 0.058333 0.053125 0.062500
0 0.065625 0.037500 0.068750 0.062500
0 0.153125 0.691667 0.059375 0.091667
0 0.353125 0.683333 0.059375 0.091667
0 0.346875 0.604167 0.056250 0.062500
0 0.362500 0.541667 0.062500 0.087500
0 0.462500 0.562500 0.078125 0.075000
0 0.403125 0.537500 0.046875 0.079167
0 0.637500 0.633333 0.043750 0.079167
0 0.653125 0.383333 0.043750 0.083333
0 0.521875 0.250000 0.037500 0.104167
0 0.484375 0.270833 0.046875 0.112500
0 0.459375 0.170833 0.050000 0.079167
0 0.459375 0.100000 0.050000 0.058333
0 0.590625 0.070833 0.062500 0.070833
0 0.628125 0.129167 0.056250 0.100000
0 0.653125 0.112500 0.034375 0.087500
0 0.671875 0.054167 0.046875 0.075000
0 0.612500 0.025000 0.053125 0.045833
0 0.828125 0.054167 0.053125 0.062500
0 0.859375 0.150000 0.084375 0.054167
0 0.778125 0.237500 0.053125 0.066667
0 0.853125 0.087500 0.068750 0.041667
0 0.803125 0.283333 0.050000 0.041667
0 0.815625 0.325000 0.037500 0.062500
0 0.831250 0.379167 0.040625 0.050000
0 0.959375 0.216667 0.065625 0.075000
0 0.937500 0.333333 0.040625 0.116667
0 0.937500 0.412500 0.040625 0.062500
0 0.984375 0.441667 0.034375 0.079167
0 0.975000 0.679167 0.050000 0.066667
0 0.868750 0.620833 0.053125 0.091667
0 0.915625 0.629167 0.050000 0.058333
0 0.953125 0.745833 0.040625 0.062500
0 0.840625 0.820833 0.059375 0.070833
0 0.787500 0.712500 0.068750 0.070833
0 0.668750 0.775000 0.078125 0.075000
0 0.465625 0.854167 0.031250 0.054167
0 0.528125 0.900000 0.062500 0.075000
0 0.618750 0.958333 0.068750 0.075000
0 0.509375 0.954167 0.025000 0.045833
0 0.475000 0.941667 0.050000 0.087500
0 0.387500 0.950000 0.056250 0.058333
0 0.025000 0.712500 0.034375 0.037500
0 0.115625 0.933333 0.062500 0.091667
0 0.171875 0.908333 0.021875 0.079167
0 0.215625 0.891667 0.031250 0.079167
0 0.284375 0.920833 0.053125 0.083333
0 0.740625 0.937500 0.028125 0.104167
0 0.784375 0.933333 0.056250 0.079167
0 0.875000 0.858333 0.028125 0.062500
0 0.896875 0.762500 0.037500 0.095833
0 0.925000 0.787500 0.028125 0.112500
0 0.937500 0.833333 0.059375 0.058333
0 0.921875 0.875000 0.059375 0.075000
0 0.950000 0.895833 0.075000 0.054167
0 0.962500 0.970833 0.078125 0.054167
