0 0.081250 0.050000 0.112500 0.095833
0 0.084375 0.154167 0.100000 0.095833
0 0.187500 0.179167 0.096875 0.058333
0 0.165625 0.225000 0.046875 0.050000
0 0.137500 0.258333 0.046875 0.050000
0 0.071875 0.250000 0.037500 0.041667
0 0.090625 0.300000 0.043750 0.058333
0 0.071875 0.354167 0.059375 0.058333
0 0.137500 0.362500 0.087500 0.050000
0 0.212500 0.337500 0.093750 0.066667
0 0.221875 0.266667 0.065625 0.054167
0 0.296875 0.233333 0.037500 0.091667
0 0.421875 0.241667 0.046875 0.045833
0 0.471875 0.254167 0.046875 0.079167
0 0.531250 0.291667 0.053125 0.058333
0 0.587500 0.358333 0.078125 0.075000
0 0.600000 0.429167 0.062500 0.045833
0 0.456250 0.429167 0.046875 0.075000
0 0.331250 0.504167 0.062500 0.083333
0 0.206250 0.512500 0.043750 0.058333
0 0.146875 0.562500 0.037500 0.083333
0 0.106250 0.570833 0.043750 0.091667
0 0.015625 0.433333 0.031250 0.087500
0 0.112500 0.662500 0.087500 0.050000
0 0.046875 0.666667 0.028125 0.083333
0 0.018750 0.729167 0.040625 0.166667
0 0.059375 0.770833 0.059375 0.070833
0 0.159375 0.775000 0.078125 0.070833
0 0.168750 0.841667 0.043750 0.087500
0 0.281250 0.816667 0.059375 0.079167
0 0.246875 0.779167 0.056250 0.058333
0 0.215625 0.645833 0.075000 0.079167
0 0.250000 0.479167 0.065625 0.087500
0 0.284375 0.666667 0.053125 0.083333
0 0.387500 0.650000 0.053125 0.070833
0 0.340625 0.758333 0.071875 0.058333
0 0.481250 0.737500 0.062500 0.070833
0 0.575000 0.766667 0.065625 0.058333
0 0.621875 0.629167 0.078125 0.079167
0 0.659375 0.466667 0.046875 0.079167
0 0.725000 0.270833 0.043750 0.091667
0 0.706250 0.158333 0.065625 0.070833
0 0.725000 0.095833 0.078125 0.066667
0 0.581250 0.041667 0.059375 0.079167
0 0.887500 0.237500 0.090625 0.079167
0 0.893750 0.175000 0.078125 0.095833
0 0.896875 0.037500 0.065625 0.079167
0 0.662500 0.370833 0.046875 0.062500
0 0.834375 0.545833 0.071875 0.083333
0 0.831250 0.637500 0.071875 0.058333
0 0.753125 0.641667 0.071875 0.070833
0 0.818750 0.704167 0.103125 0.075000
0 0.809375 0.787500 0.084375 0.066667
0 0.978125 0.737500 0.040625 0.054167
0 0.978125 0.962500 0.043750 0.062500
0 0.890625 0.950000 0.078125 0.083333
0 0.646875 0.916667 0.053125 0.070833
0 0.618750 0.975000 0.068750 0.045833
0 0.384375 0.954167 0.053125 0.070833
0 0.421875 0.979167 0.056250 0.041667
0 0.309375 0.966667 0.046875 0.062500
0 0.221875 0.975000 0.071875 0.045833
0 0.093750 0.970833 0.068750 0.058333
