0 0.156250 0.066667 0.053125 0.070833
0 0.196875 0.100000 0.050000 0.079167
0 0.021875 0.162500 0.050000 0.083333
0 0.078125 0.116667 0.059375 0.116667
0 0.281250 0.175000 0.071875 0.091667
0 0.356250 0.116667 0.062500 0.112500
0 0.440625 0.175000 0.062500 0.079167
0 0.496875 0.162500 0.050000 0.083333
0 0.590625 0.129167 0.056250 0.091667
0 0.043750 0.300000 0.053125 0.070833
0 0.056250 0.354167 0.068750 0.054167
0 0.068750 0.412500 0.043750 0.066667
0 0.018750 0.420833 0.040625 0.058333
0 0.043750 0.712500 0.059375 0.075000
0 0.128125 0.975000 0.065625 0.050000
0 0.362500 0.241667 0.062500 0.079167
0 0.418750 0.270833 0.053125 0.070833
0 0.328125 0.370833 0.071875 0.087500
0 0.412500 0.395833 0.056250 0.070833
0 0.381250 0.516667 0.059375 0.083333
0 0.384375 0.637500 0.068750 0.062500
0 0.256250 0.804167 0.059375 0.070833
0 0.275000 0.862500 0.034375 0.091667
0 0.278125 0.945833 0.046875 0.083333
0 0.353125 0.962500 0.043750 0.066667
0 0.396875 0.883333 0.046875 0.079167
0 0.434375 0.866667 0.037500 0.070833
0 0.506250 0.879167 0.059375 0.070833
0 0.493750 0.954167 0.040625 0.066667
0 0.415625 0.966667 0.040625 0.062500
0 0.534375 0.720833 0.056250 0.079167
0 0.553125 0.641667 0.046875 0.087500
0 0.462500 0.520833 0.046875 0.058333
0 0.550000 0.475000 0.053125 0.079167
0 0.634375 0.379167 0.059375 0.079167
0 0.646875 0.450000 0.081250 0.062500
0 0.643750 0.550000 0.046875 0.087500
0 0.596875 0.720833 0.059375 0.083333
0 0.671875 0.762500 0.046875 0.083333
0 0.715625 0.583333 0.043750 0.079167
0 0.737500 0.504167 0.037500 0.066667
0 0.746875 0.400000 0.053125 0.058333
0 0.834375 0.400000 0.056250 0.070833
0 0.856250 0.520833 0.068750 0.079167
0 0.903125 0.458333 0.037500 0.083333
0 0.931250 0.266667 0.062500 0.050000
0 0.987500 0.329167 0.025000 0.070833
0 0.959375 0.366667 0.037500 0.079167
0 0.946875 0.420833 0.059375 0.054167
0 0.843750 0.829167 0.071875 0.070833
0 0.934375 0.691667 0.059375 0.079167
0 0.956250 0.804167 0.062500 0.058333
0 0.921875 0.875000 0.071875 0.091667
0 0.978125 0.908333 0.046875 0.129167
0 0.965625 0.516667 0.065625 0.079167
