0 0.028125 0.129167 0.050000 0.054167
0 0.050000 0.033333 0.021875 0.066667
0 0.103125 0.041667 0.034375 0.058333
0 0.143750 0.041667 0.043750 0.041667
0 0.181250 0.083333 0.040625 0.037500
0 0.209375 0.037500 0.056250 0.058333
0 0.228125 0.016667 0.065625 0.033333
0 0.284375 0.075000 0.028125 0.025000
0 0.331250 0.062500 0.043750 0.058333
0 0.415625 0.066667 0.040625 0.037500
0 0.446875 0.012500 0.062500 0.029167
0 0.493750 0.087500 0.025000 0.083333
0 0.531250 0.083333 0.028125 0.100000
0 0.546875 0.020833 0.034375 0.033333
0 0.578125 0.020833 0.043750 0.041667
0 0.603125 0.050000 0.031250 0.045833
0 0.587500 0.095833 0.053125 0.050000
0 0.593750 0.133333 0.037500 0.054167
0 0.606250 0.187500 0.037500 0.054167
0 0.640625 0.062500 0.034375 0.095833
0 0.712500 0.062500 0.034375 0.066667
0 0.734375 0.116667 0.018750 0.062500
0 0.887500 0.125000 0.040625 0.050000
0 0.921875 0.033333 0.028125 0.054167
0 0.978125 0.025000 0.040625 0.054167
0 0.937500 0.095833 0.037500 0.050000
0 0.943750 0.158333 0.018750 0.058333
0 0.984375 0.158333 0.025000 0.054167
0 0.959375 0.229167 0.031250 0.054167
0 0.918750 0.195833 0.037500 0.058333
0 0.965625 0.250000 0.062500 0.062500
0 0.915625 0.295833 0.028125 0.033333
0 0.843750 0.270833 0.034375 0.066667
0 0.815625 0.250000 0.031250 0.045833
0 0.778125 0.233333 0.037500 0.037500
0 0.759375 0.195833 0.046875 0.050000
0 0.668750 0.250000 0.028125 0.037500
0 0.631250 0.295833 0.037500 0.033333
0 0.559375 0.275000 0.025000 0.050000
0 0.528125 0.225000 0.040625 0.033333
0 0.556250 0.175000 0.025000 0.033333
0 0.456250 0.216667 0.028125 0.045833
0 0.428125 0.233333 0.037500 0.045833
0 0.500000 0.262500 0.043750 0.058333
0 0.318750 0.125000 0.018750 0.054167
0 0.268750 0.120833 0.021875 0.058333
0 0.231250 0.104167 0.043750 0.041667
0 0.162500 0.116667 0.059375 0.037500
0 0.106250 0.112500 0.053125 0.041667
0 0.081250 0.170833 0.034375 0.062500
0 0.112500 0.158333 0.031250 0.050000
0 0.143750 0.162500 0.037500 0.037500
0 0.171875 0.195833 0.037500 0.041667
0 0.215625 0.191667 0.046875 0.050000
0 0.131250 0.200000 0.040625 0.054167
0 0.125000 0.237500 0.046875 0.054167
0 0.087500 0.245833 0.037500 0.066667
0 0.037500 0.300000 0.043750 0.037500
0 0.009375 0.383333 0.021875 0.050000
0 0.037500 0.412500 0.031250 0.033333
0 0.100000 0.337500 0.028125 0.050000
0 0.143750 0.295833 0.028125 0.050000
0 0.203125 0.283333 0.043750 0.066667
0 0.259375 0.266667 0.043750 0.050000
0 0.315625 0.229167 0.034375 0.058333
0 0.287500 0.170833 0.040625 0.037500
0 0.362500 0.291667 0.043750 0.058333
0 0.315625 0.312500 0.040625 0.041667
0 0.321875 0.375000 0.028125 0.037500
0 0.296875 0.433333 0.028125 0.025000
0 0.271875 0.400000 0.028125 0.029167
0 0.259375 0.358333 0.043750 0.037500
0 0.196875 0.354167 0.040625 0.058333
0 0.156250 0.425000 0.037500 0.041667
0 0.075000 0.470833 0.040625 0.041667
0 0.403125 0.150000 0.065625 0.058333
0 0.803125 0.125000 0.043750 0.066667
0 0.243750 0.504167 0.053125 0.066667
0 0.246875 0.437500 0.037500 0.033333
0 0.353125 0.462500 0.053125 0.075000
0 0.412500 0.487500 0.018750 0.054167
0 0.428125 0.400000 0.037500 0.058333
0 0.400000 0.337500 0.034375 0.041667
0 0.443750 0.312500 0.028125 0.054167
0 0.471875 0.362500 0.028125 0.058333
0 0.506250 0.383333 0.025000 0.058333
0 0.537500 0.375000 0.031250 0.054167
0 0.581250 0.358333 0.040625 0.045833
0 0.575000 0.412500 0.043750 0.050000
0 0.634375 0.441667 0.037500 0.066667
0 0.671875 0.354167 0.021875 0.045833
0 0.671875 0.408333 0.028125 0.079167
0 0.703125 0.400000 0.034375 0.058333
0 0.728125 0.404167 0.015625 0.075000
0 0.734375 0.312500 0.046875 0.054167
0 0.771875 0.287500 0.050000 0.054167
0 0.796875 0.350000 0.043750 0.066667
0 0.825000 0.370833 0.040625 0.075000
0 0.850000 0.450000 0.025000 0.054167
0 0.875000 0.441667 0.043750 0.066667
0 0.896875 0.345833 0.053125 0.033333
0 0.953125 0.420833 0.025000 0.095833
0 0.915625 0.420833 0.018750 0.079167
0 0.940625 0.475000 0.046875 0.066667
0 0.953125 0.512500 0.050000 0.054167
0 0.806250 0.500000 0.025000 0.054167
0 0.768750 0.504167 0.034375 0.050000
0 0.759375 0.441667 0.031250 0.041667
0 0.718750 0.525000 0.040625 0.062500
0 0.700000 0.466667 0.043750 0.058333
0 0.643750 0.541667 0.040625 0.066667
0 0.584375 0.529167 0.034375 0.083333
0 0.546875 0.500000 0.031250 0.020833
0 0.512500 0.479167 0.043750 0.050000
0 0.459375 0.487500 0.031250 0.120833
0 0.475000 0.545833 0.018750 0.066667
0 0.515625 0.545833 0.031250 0.050000
0 0.500000 0.608333 0.034375 0.037500
0 0.546875 0.608333 0.034375 0.033333
0 0.718750 0.595833 0.043750 0.025000
0 0.793750 0.608333 0.053125 0.033333
0 0.856250 0.554167 0.034375 0.041667
0 0.968750 0.608333 0.059375 0.037500
0 0.853125 0.679167 0.021875 0.041667
0 0.871875 0.695833 0.018750 0.041667
0 0.937500 0.691667 0.050000 0.037500
0 0.009375 0.483333 0.021875 0.062500
0 0.037500 0.583333 0.028125 0.070833
0 0.065625 0.566667 0.075000 0.095833
0 0.112500 0.558333 0.034375 0.070833
0 0.012500 0.633333 0.025000 0.041667
0 0.015625 0.800000 0.034375 0.050000
0 0.037500 0.733333 0.043750 0.087500
0 0.090625 0.650000 0.059375 0.033333
0 0.150000 0.641667 0.031250 0.037500
0 0.193750 0.625000 0.028125 0.050000
0 0.265625 0.645833 0.037500 0.045833
0 0.312500 0.620833 0.034375 0.066667
0 0.428125 0.591667 0.040625 0.058333
0 0.446875 0.629167 0.046875 0.062500
0 0.381250 0.666667 0.062500 0.037500
0 0.465625 0.704167 0.037500 0.058333
0 0.521875 0.716667 0.025000 0.058333
0 0.568750 0.658333 0.034375 0.033333
0 0.559375 0.737500 0.037500 0.058333
0 0.596875 0.725000 0.031250 0.041667
0 0.634375 0.762500 0.037500 0.050000
0 0.687500 0.716667 0.034375 0.058333
0 0.721875 0.670833 0.037500 0.033333
0 0.734375 0.637500 0.034375 0.020833
0 0.450000 0.987500 0.028125 0.025000
0 0.518750 0.950000 0.021875 0.041667
0 0.534375 0.887500 0.031250 0.029167
0 0.515625 0.862500 0.034375 0.033333
0 0.471875 0.845833 0.037500 0.050000
0 0.468750 0.825000 0.065625 0.050000
0 0.456250 0.775000 0.040625 0.050000
0 0.393750 0.720833 0.034375 0.050000
0 0.356250 0.737500 0.043750 0.037500
0 0.343750 0.791667 0.028125 0.029167
0 0.321875 0.754167 0.028125 0.029167
0 0.303125 0.779167 0.037500 0.050000
0 0.231250 0.679167 0.034375 0.045833
0 0.187500 0.687500 0.040625 0.062500
0 0.125000 0.800000 0.037500 0.045833
0 0.190625 0.741667 0.043750 0.033333
0 0.181250 0.775000 0.025000 0.033333
0 0.228125 0.800000 0.062500 0.041667
0 0.203125 0.837500 0.046875 0.066667
0 0.159375 0.833333 0.053125 0.050000
0 0.059375 0.800000 0.018750 0.050000
0 0.062500 0.854167 0.025000 0.037500
0 0.012500 0.887500 0.025000 0.075000
0 0.040625 0.933333 0.037500 0.079167
0 0.065625 0.912500 0.028125 0.058333
0 0.106250 0.958333 0.034375 0.041667
0 0.103125 0.900000 0.046875 0.041667
0 0.165625 0.933333 0.046875 0.037500
0 0.181250 0.891667 0.043750 0.050000
0 0.228125 0.875000 0.031250 0.033333
0 0.259375 0.929167 0.031250 0.045833
0 0.284375 0.908333 0.059375 0.062500
0 0.315625 0.895833 0.053125 0.054167
0 0.356250 0.870833 0.046875 0.050000
0 0.406250 0.912500 0.043750 0.054167
0 0.478125 0.912500 0.053125 0.054167
0 0.446875 0.962500 0.084375 0.054167
0 0.365625 0.933333 0.025000 0.062500
0 0.231250 0.970833 0.053125 0.054167
0 0.965625 0.791667 0.065625 0.029167
0 0.915625 0.787500 0.062500 0.054167
0 0.825000 0.795833 0.037500 0.050000
0 0.812500 0.725000 0.046875 0.033333
0 0.731250 0.737500 0.034375 0.050000
0 0.734375 0.791667 0.040625 0.033333
0 0.696875 0.820833 0.062500 0.045833
0 0.628125 0.825000 0.065625 0.041667
0 0.587500 0.779167 0.021875 0.029167
0 0.565625 0.825000 0.025000 0.045833
0 0.581250 0.975000 0.021875 0.045833
0 0.718750 0.979167 0.043750 0.033333
0 0.718750 0.950000 0.071875 0.062500
0 0.681250 0.887500 0.031250 0.050000
0 0.728125 0.862500 0.043750 0.070833
0 0.765625 0.891667 0.046875 0.041667
0 0.784375 0.920833 0.056250 0.037500
0 0.771875 0.966667 0.043750 0.050000
0 0.856250 0.895833 0.043750 0.037500
0 0.918750 0.850000 0.043750 0.070833
0 0.937500 0.916667 0.037500 0.079167
0 0.862500 0.945833 0.056250 0.050000
0 0.981250 0.845833 0.028125 0.033333
0 0.250000 0.745833 0.056250 0.029167
0 0.134375 0.700000 0.078125 0.033333
