0 0.021875 0.583333 0.046875 0.066667
0 0.021875 0.537500 0.050000 0.070833
0 0.012500 0.704167 0.031250 0.083333
0 0.065625 0.712500 0.046875 0.062500
0 0.050000 0.854167 0.043750 0.054167
0 0.075000 0.587500 0.053125 0.058333
0 0.118750 0.641667 0.059375 0.079167
0 0.118750 0.758333 0.053125 0.054167
0 0.184375 0.912500 0.075000 0.083333
0 0.312500 0.841667 0.025000 0.066667
0 0.125000 0.162500 0.050000 0.116667
0 0.178125 0.108333 0.065625 0.075000
0 0.190625 0.154167 0.046875 0.104167
0 0.137500 0.441667 0.062500 0.058333
0 0.125000 0.516667 0.090625 0.058333
0 0.215625 0.308333 0.059375 0.050000
0 0.196875 0.387500 0.053125 0.058333
0 0.190625 0.483333 0.040625 0.075000
0 0.225000 0.450000 0.043750 0.041667
0 0.275000 0.379167 0.034375 0.045833
0 0.343750 0.404167 0.056250 0.050000
0 0.287500 0.575000 0.087500 0.062500
0 0.175000 0.750000 0.059375 0.058333
0 0.218750 0.733333 0.056250 0.041667
0 0.290625 0.670833 0.043750 0.075000
0 0.284375 0.750000 0.059375 0.054167
0 0.375000 0.704167 0.046875 0.037500
0 0.384375 0.745833 0.062500 0.045833
0 0.384375 0.804167 0.043750 0.041667
0 0.393750 0.950000 0.043750 0.095833
0 0.478125 0.845833 0.100000 0.116667
0 0.603125 0.912500 0.068750 0.079167
0 0.693750 0.979167 0.053125 0.037500
0 0.762500 0.820833 0.090625 0.095833
0 0.715625 0.687500 0.043750 0.075000
0 0.728125 0.550000 0.050000 0.058333
0 0.850000 0.800000 0.062500 0.066667
0 0.868750 0.866667 0.043750 0.070833
0 0.946875 0.704167 0.050000 0.091667
0 0.284375 0.062500 0.034375 0.050000
0 0.337500 0.108333 0.081250 0.045833
0 0.359375 0.275000 0.046875 0.075000
0 0.346875 0.150000 0.062500 0.050000
0 0.337500 0.316667 0.068750 0.041667
0 0.406250 0.316667 0.068750 0.062500
0 0.406250 0.470833 0.068750 0.075000
0 0.434375 0.558333 0.034375 0.070833
0 0.478125 0.520833 0.065625 0.041667
0 0.509375 0.608333 0.056250 0.079167
0 0.596875 0.720833 0.059375 0.070833
0 0.531250 0.300000 0.050000 0.045833
0 0.628125 0.325000 0.053125 0.070833
0 0.625000 0.408333 0.068750 0.050000
0 0.715625 0.425000 0.071875 0.095833
0 0.425000 0.125000 0.046875 0.058333
0 0.465625 0.020833 0.065625 0.045833
0 0.615625 0.054167 0.059375 0.066667
0 0.650000 0.008333 0.068750 0.025000
0 0.681250 0.033333 0.050000 0.037500
0 0.709375 0.141667 0.062500 0.058333
0 0.821875 0.070833 0.065625 0.070833
0 0.796875 0.158333 0.043750 0.050000
0 0.784375 0.254167 0.046875 0.054167
0 0.815625 0.316667 0.050000 0.050000
0 0.871875 0.250000 0.053125 0.091667
0 0.921875 0.150000 0.071875 0.045833
0 0.928125 0.200000 0.043750 0.037500
0 0.975000 0.208333 0.043750 0.050000
0 0.896875 0.420833 0.053125 0.079167
0 0.931250 0.400000 0.043750 0.079167
0 0.981250 0.441667 0.037500 0.116667
