0 0.109375 0.083333 0.075000 0.058333
0 0.171875 0.058333 0.053125 0.095833
0 0.203125 0.108333 0.065625 0.070833
0 0.187500 0.191667 0.059375 0.050000
0 0.246875 0.262500 0.062500 0.075000
0 0.275000 0.208333 0.062500 0.062500
0 0.271875 0.075000 0.062500 0.045833
0 0.287500 0.025000 0.071875 0.054167
0 0.381250 0.033333 0.071875 0.070833
0 0.359375 0.091667 0.071875 0.054167
0 0.328125 0.133333 0.062500 0.062500
0 0.362500 0.200000 0.043750 0.066667
0 0.321875 0.212500 0.056250 0.087500
0 0.425000 0.150000 0.037500 0.054167
0 0.450000 0.208333 0.040625 0.058333
0 0.475000 0.250000 0.043750 0.062500
0 0.487500 0.320833 0.053125 0.091667
0 0.300000 0.508333 0.046875 0.058333
0 0.296875 0.454167 0.071875 0.062500
0 0.240625 0.475000 0.037500 0.083333
0 0.212500 0.445833 0.050000 0.062500
0 0.137500 0.450000 0.053125 0.050000
0 0.131250 0.520833 0.059375 0.075000
0 0.015625 0.529167 0.031250 0.075000
0 0.015625 0.616667 0.031250 0.091667
0 0.081250 0.408333 0.068750 0.083333
0 0.065625 0.870833 0.034375 0.137500
0 0.509375 0.491667 0.084375 0.066667
0 0.571875 0.412500 0.043750 0.070833
0 0.612500 0.329167 0.059375 0.079167
0 0.618750 0.241667 0.068750 0.054167
0 0.556250 0.254167 0.028125 0.075000
0 0.584375 0.166667 0.059375 0.062500
0 0.578125 0.070833 0.071875 0.058333
0 0.525000 0.095833 0.050000 0.062500
0 0.500000 0.158333 0.059375 0.066667
0 0.693750 0.025000 0.056250 0.054167
0 0.740625 0.041667 0.037500 0.087500
0 0.775000 0.029167 0.043750 0.058333
0 0.806250 0.137500 0.068750 0.070833
0 0.896875 0.375000 0.050000 0.062500
0 0.818750 0.379167 0.040625 0.091667
0 0.809375 0.512500 0.046875 0.075000
0 0.856250 0.437500 0.046875 0.079167
0 0.850000 0.504167 0.053125 0.083333
0 0.915625 0.495833 0.031250 0.079167
0 0.890625 0.545833 0.037500 0.062500
0 0.943750 0.579167 0.065625 0.070833
0 0.887500 0.633333 0.053125 0.070833
0 0.937500 0.658333 0.053125 0.091667
0 0.981250 0.745833 0.034375 0.066667
0 0.940625 0.766667 0.050000 0.100000
0 0.834375 0.787500 0.046875 0.158333
0 0.868750 0.775000 0.053125 0.050000
0 0.871875 0.825000 0.046875 0.062500
0 0.759375 0.795833 0.065625 0.087500
0 0.621875 0.533333 0.059375 0.070833
0 0.618750 0.612500 0.084375 0.104167
0 0.543750 0.620833 0.071875 0.079167
0 0.565625 0.708333 0.053125 0.083333
0 0.915625 0.870833 0.053125 0.079167
0 0.934375 0.962500 0.062500 0.075000
0 0.843750 0.945833 0.053125 0.091667
0 0.506250 0.895833 0.059375 0.091667
0 0.556250 0.916667 0.053125 0.091667
0 0.534375 0.970833 0.050000 0.050000
0 0.271875 0.966667 0.056250 0.062500
