0 0.015625 0.941667 0.034375 0.045833
0 0.075000 0.966667 0.031250 0.045833
0 0.015625 0.691667 0.034375 0.091667
0 0.328125 0.916667 0.043750 0.062500
0 0.281250 0.804167 0.046875 0.075000
0 0.425000 0.879167 0.043750 0.095833
0 0.371875 0.762500 0.037500 0.066667
0 0.325000 0.791667 0.062500 0.075000
0 0.400000 0.658333 0.046875 0.050000
0 0.412500 0.720833 0.078125 0.058333
0 0.368750 0.479167 0.068750 0.083333
0 0.400000 0.570833 0.056250 0.066667
0 0.281250 0.633333 0.056250 0.116667
0 0.028125 0.516667 0.056250 0.058333
0 0.106250 0.541667 0.065625 0.054167
0 0.184375 0.579167 0.037500 0.070833
0 0.121875 0.587500 0.053125 0.058333
0 0.159375 0.670833 0.037500 0.075000
0 0.062500 0.237500 0.090625 0.058333
0 0.115625 0.062500 0.037500 0.125000
0 0.184375 0.275000 0.046875 0.112500
0 0.150000 0.300000 0.037500 0.095833
0 0.271875 0.095833 0.056250 0.058333
0 0.300000 0.166667 0.037500 0.062500
0 0.368750 0.025000 0.062500 0.054167
0 0.365625 0.120833 0.059375 0.100000
0 0.462500 0.029167 0.068750 0.062500
0 0.496875 0.308333 0.062500 0.058333
0 0.531250 0.254167 0.062500 0.070833
0 0.646875 0.037500 0.081250 0.070833
0 0.743750 0.070833 0.046875 0.066667
0 0.771875 0.066667 0.031250 0.083333
0 0.800000 0.020833 0.043750 0.045833
0 0.865625 0.016667 0.068750 0.041667
0 0.887500 0.079167 0.050000 0.050000
0 0.940625 0.133333 0.081250 0.054167
0 0.850000 0.150000 0.037500 0.058333
0 0.950000 0.216667 0.065625 0.075000
0 0.890625 0.262500 0.068750 0.050000
0 0.953125 0.300000 0.050000 0.075000
0 0.815625 0.187500 0.056250 0.062500
0 0.743750 0.170833 0.056250 0.058333
0 0.725000 0.200000 0.100000 0.095833
0 0.650000 0.208333 0.031250 0.033333
0 0.690625 0.287500 0.040625 0.045833
0 0.625000 0.287500 0.043750 0.079167
0 0.534375 0.683333 0.053125 0.066667
0 0.653125 0.912500 0.084375 0.112500
0 0.934375 0.962500 0.075000 0.066667
0 0.900000 0.808333 0.065625 0.100000
0 0.571875 0.412500 0.078125 0.150000
0 0.696875 0.520833 0.093750 0.066667
0 0.650000 0.633333 0.062500 0.083333
0 0.709375 0.604167 0.068750 0.070833
0 0.721875 0.741667 0.062500 0.062500
0 0.743750 0.770833 0.050000 0.087500
0 0.793750 0.729167 0.053125 0.070833
0 0.806250 0.829167 0.043750 0.079167
0 0.787500 0.608333 0.031250 0.091667
0 0.862500 0.512500 0.056250 0.058333
0 0.881250 0.600000 0.059375 0.066667
0 0.909375 0.454167 0.043750 0.075000
0 0.959375 0.433333 0.046875 0.062500
0 0.978125 0.529167 0.040625 0.058333
0 0.112500 0.687500 0.071875 0.129167
