0 0.981250 0.033333 0.034375 0.050000
0 0.943750 0.025000 0.053125 0.050000
0 0.937500 0.162500 0.065625 0.075000
0 0.918750 0.579167 0.053125 0.087500
0 0.875000 0.366667 0.056250 0.058333
0 0.709375 0.112500 0.084375 0.104167
0 0.650000 0.325000 0.050000 0.070833
0 0.740625 0.420833 0.046875 0.079167
0 0.578125 0.258333 0.071875 0.083333
0 0.756250 0.550000 0.053125 0.079167
0 0.765625 0.645833 0.059375 0.062500
0 0.740625 0.700000 0.059375 0.066667
0 0.668750 0.745833 0.071875 0.062500
0 0.681250 0.695833 0.084375 0.079167
0 0.653125 0.620833 0.078125 0.070833
0 0.625000 0.666667 0.065625 0.062500
0 0.603125 0.816667 0.056250 0.062500
0 0.831250 0.933333 0.065625 0.087500
0 0.750000 0.970833 0.059375 0.050000
0 0.390625 0.025000 0.053125 0.050000
0 0.471875 0.250000 0.081250 0.095833
0 0.403125 0.062500 0.046875 0.050000
0 0.428125 0.391667 0.040625 0.062500
0 0.384375 0.391667 0.056250 0.066667
0 0.340625 0.441667 0.081250 0.075000
0 0.418750 0.520833 0.053125 0.095833
0 0.503125 0.658333 0.075000 0.137500
0 0.431250 0.804167 0.040625 0.070833
0 0.487500 0.879167 0.050000 0.133333
0 0.459375 0.891667 0.043750 0.108333
0 0.628125 0.937500 0.065625 0.045833
0 0.593750 0.975000 0.056250 0.045833
0 0.546875 0.983333 0.034375 0.029167
0 0.496875 0.983333 0.071875 0.029167
0 0.128125 0.041667 0.062500 0.091667
0 0.196875 0.112500 0.021875 0.041667
0 0.237500 0.145833 0.043750 0.066667
0 0.225000 0.204167 0.056250 0.066667
0 0.159375 0.150000 0.053125 0.079167
0 0.187500 0.354167 0.046875 0.066667
0 0.234375 0.370833 0.050000 0.087500
0 0.106250 0.325000 0.056250 0.058333
0 0.053125 0.304167 0.059375 0.079167
0 0.075000 0.212500 0.037500 0.079167
0 0.021875 0.187500 0.043750 0.041667
0 0.018750 0.245833 0.040625 0.083333
0 0.293750 0.645833 0.056250 0.075000
0 0.268750 0.708333 0.081250 0.041667
0 0.284375 0.775000 0.106250 0.075000
0 0.043750 0.516667 0.046875 0.079167
0 0.015625 0.700000 0.034375 0.062500
0 0.034375 0.791667 0.068750 0.066667
0 0.034375 0.841667 0.068750 0.050000
0 0.034375 0.883333 0.068750 0.054167
0 0.015625 0.916667 0.031250 0.054167
0 0.062500 0.925000 0.059375 0.054167
0 0.125000 0.900000 0.068750 0.054167
0 0.162500 0.979167 0.068750 0.037500
