0 0.787500 0.020833 0.025000 0.025000
0 0.753125 0.045833 0.028125 0.050000
0 0.828125 0.037500 0.031250 0.050000
0 0.881250 0.016667 0.034375 0.033333
0 0.915625 0.020833 0.034375 0.029167
0 0.946875 0.037500 0.021875 0.054167
0 0.893750 0.079167 0.025000 0.045833
0 0.956250 0.083333 0.031250 0.050000
0 0.990625 0.095833 0.012500 0.062500
0 0.931250 0.166667 0.037500 0.037500
0 0.787500 0.120833 0.028125 0.045833
0 0.734375 0.100000 0.025000 0.045833
0 0.715625 0.037500 0.037500 0.041667
0 0.684375 0.029167 0.028125 0.041667
0 0.193750 0.037500 0.031250 0.058333
0 0.146875 0.025000 0.028125 0.050000
0 0.012500 0.075000 0.025000 0.041667
0 0.053125 0.075000 0.031250 0.050000
0 0.112500 0.066667 0.043750 0.058333
0 0.171875 0.116667 0.031250 0.029167
0 0.221875 0.120833 0.043750 0.033333
0 0.253125 0.066667 0.031250 0.041667
0 0.321875 0.020833 0.046875 0.033333
0 0.353125 0.091667 0.037500 0.054167
0 0.384375 0.062500 0.028125 0.045833
0 0.425000 0.066667 0.050000 0.050000
0 0.493750 0.037500 0.043750 0.037500
0 0.506250 0.012500 0.050000 0.029167
0 0.534375 0.054167 0.028125 0.041667
0 0.612500 0.016667 0.031250 0.037500
0 0.584375 0.087500 0.025000 0.041667
0 0.615625 0.112500 0.031250 0.045833
0 0.640625 0.066667 0.043750 0.054167
0 0.665625 0.087500 0.031250 0.029167
0 0.675000 0.137500 0.025000 0.037500
0 0.640625 0.145833 0.025000 0.045833
0 0.643750 0.204167 0.025000 0.037500
0 0.696875 0.191667 0.046875 0.029167
0 0.728125 0.162500 0.043750 0.033333
0 0.006250 0.200000 0.015625 0.029167
0 0.056250 0.225000 0.034375 0.045833
0 0.096875 0.187500 0.040625 0.066667
0 0.140625 0.200000 0.040625 0.045833
0 0.156250 0.158333 0.046875 0.041667
0 0.218750 0.200000 0.040625 0.050000
0 0.193750 0.245833 0.031250 0.050000
0 0.275000 0.162500 0.034375 0.050000
0 0.321875 0.145833 0.037500 0.050000
0 0.353125 0.183333 0.031250 0.041667
0 0.390625 0.187500 0.034375 0.041667
0 0.418750 0.162500 0.031250 0.054167
0 0.443750 0.170833 0.021875 0.050000
0 0.484375 0.179167 0.034375 0.062500
0 0.528125 0.133333 0.037500 0.041667
0 0.546875 0.187500 0.050000 0.050000
0 0.506250 0.270833 0.031250 0.045833
0 0.571875 0.250000 0.040625 0.062500
0 0.571875 0.287500 0.037500 0.054167
0 0.596875 0.320833 0.031250 0.045833
0 0.575000 0.358333 0.034375 0.045833
0 0.525000 0.329167 0.053125 0.041667
0 0.465625 0.320833 0.028125 0.062500
0 0.484375 0.412500 0.015625 0.058333
0 0.481250 0.462500 0.037500 0.045833
0 0.450000 0.458333 0.037500 0.045833
0 0.431250 0.466667 0.034375 0.041667
0 0.384375 0.462500 0.040625 0.029167
0 0.384375 0.495833 0.031250 0.033333
0 0.368750 0.408333 0.034375 0.041667
0 0.346875 0.425000 0.031250 0.029167
0 0.306250 0.333333 0.031250 0.058333
0 0.315625 0.387500 0.021875 0.037500
0 0.415625 0.358333 0.031250 0.029167
0 0.440625 0.258333 0.043750 0.033333
0 0.421875 0.229167 0.034375 0.037500
0 0.371875 0.225000 0.050000 0.033333
0 0.371875 0.325000 0.034375 0.045833
0 0.356250 0.266667 0.037500 0.045833
0 0.315625 0.237500 0.034375 0.045833
0 0.275000 0.237500 0.040625 0.058333
0 0.265625 0.283333 0.037500 0.054167
0 0.246875 0.325000 0.028125 0.045833
0 0.231250 0.375000 0.025000 0.045833
0 0.162500 0.266667 0.043750 0.037500
0 0.165625 0.308333 0.059375 0.045833
0 0.193750 0.350000 0.037500 0.045833
0 0.121875 0.333333 0.046875 0.050000
0 0.075000 0.291667 0.040625 0.054167
0 0.028125 0.350000 0.025000 0.041667
0 0.009375 0.400000 0.025000 0.058333
0 0.053125 0.425000 0.034375 0.050000
0 0.093750 0.450000 0.018750 0.041667
0 0.128125 0.404167 0.040625 0.041667
0 0.184375 0.404167 0.046875 0.033333
0 0.175000 0.445833 0.050000 0.041667
0 0.125000 0.508333 0.050000 0.045833
0 0.034375 0.508333 0.046875 0.041667
0 0.034375 0.587500 0.046875 0.041667
0 0.012500 0.837500 0.028125 0.054167
0 0.034375 0.779167 0.034375 0.037500
0 0.068750 0.658333 0.034375 0.054167
0 0.112500 0.637500 0.034375 0.050000
0 0.071875 0.762500 0.059375 0.045833
0 0.131250 0.704167 0.059375 0.058333
0 0.168750 0.679167 0.056250 0.045833
0 0.206250 0.670833 0.062500 0.045833
0 0.209375 0.591667 0.046875 0.066667
0 0.215625 0.504167 0.034375 0.041667
0 0.221875 0.450000 0.034375 0.045833
0 0.259375 0.470833 0.046875 0.050000
0 0.293750 0.462500 0.043750 0.050000
0 0.278125 0.520833 0.034375 0.041667
0 0.256250 0.570833 0.037500 0.045833
0 0.325000 0.525000 0.031250 0.058333
0 0.340625 0.604167 0.028125 0.041667
0 0.375000 0.600000 0.037500 0.045833
0 0.371875 0.675000 0.028125 0.054167
0 0.359375 0.733333 0.034375 0.062500
0 0.446875 0.633333 0.043750 0.066667
0 0.468750 0.541667 0.040625 0.037500
0 0.509375 0.529167 0.025000 0.033333
0 0.506250 0.583333 0.018750 0.045833
0 0.543750 0.612500 0.031250 0.079167
0 0.565625 0.495833 0.021875 0.037500
0 0.587500 0.433333 0.031250 0.041667
0 0.421875 0.770833 0.025000 0.062500
0 0.315625 0.795833 0.037500 0.062500
0 0.256250 0.745833 0.043750 0.058333
0 0.225000 0.820833 0.031250 0.050000
0 0.165625 0.879167 0.059375 0.066667
0 0.353125 0.970833 0.034375 0.033333
0 0.453125 0.983333 0.043750 0.029167
0 0.378125 0.958333 0.028125 0.029167
0 0.325000 0.870833 0.028125 0.062500
0 0.371875 0.845833 0.025000 0.037500
0 0.431250 0.858333 0.028125 0.050000
0 0.415625 0.941667 0.031250 0.041667
0 0.412500 0.900000 0.034375 0.033333
0 0.468750 0.916667 0.031250 0.033333
0 0.487500 0.870833 0.025000 0.041667
0 0.503125 0.833333 0.034375 0.045833
0 0.006250 0.983333 0.018750 0.029167
0 0.012500 0.941667 0.025000 0.054167
0 0.100000 0.979167 0.025000 0.041667
0 0.521875 0.866667 0.018750 0.062500
0 0.537500 0.970833 0.040625 0.054167
0 0.606250 0.954167 0.025000 0.045833
0 0.737500 0.933333 0.028125 0.054167
0 0.678125 0.975000 0.021875 0.025000
0 0.581250 0.895833 0.034375 0.033333
0 0.587500 0.829167 0.037500 0.029167
0 0.584375 0.766667 0.034375 0.033333
0 0.550000 0.800000 0.037500 0.045833
0 0.503125 0.783333 0.031250 0.041667
0 0.525000 0.729167 0.034375 0.050000
0 0.490625 0.683333 0.031250 0.033333
0 0.553125 0.670833 0.037500 0.041667
0 0.609375 0.633333 0.037500 0.050000
0 0.646875 0.637500 0.034375 0.037500
0 0.640625 0.695833 0.043750 0.041667
0 0.668750 0.866667 0.056250 0.016667
0 0.796875 0.966667 0.050000 0.045833
0 0.859375 0.904167 0.034375 0.045833
0 0.803125 0.883333 0.028125 0.066667
0 0.843750 0.850000 0.028125 0.041667
0 0.965625 0.875000 0.037500 0.041667
0 0.928125 0.833333 0.021875 0.058333
0 0.881250 0.816667 0.031250 0.033333
0 0.846875 0.779167 0.031250 0.050000
0 0.828125 0.733333 0.034375 0.045833
0 0.793750 0.783333 0.021875 0.062500
0 0.746875 0.800000 0.031250 0.058333
0 0.693750 0.808333 0.037500 0.050000
0 0.721875 0.716667 0.034375 0.045833
0 0.778125 0.712500 0.034375 0.050000
0 0.943750 0.770833 0.050000 0.033333
0 0.984375 0.691667 0.028125 0.050000
0 0.940625 0.654167 0.031250 0.045833
0 0.921875 0.687500 0.034375 0.054167
0 0.865625 0.712500 0.040625 0.037500
0 0.875000 0.645833 0.053125 0.041667
0 0.871875 0.570833 0.037500 0.045833
0 0.937500 0.575000 0.043750 0.045833
0 0.834375 0.570833 0.034375 0.041667
0 0.768750 0.633333 0.025000 0.029167
0 0.734375 0.633333 0.028125 0.045833
0 0.690625 0.662500 0.025000 0.029167
0 0.703125 0.566667 0.025000 0.050000
0 0.743750 0.554167 0.028125 0.045833
0 0.718750 0.587500 0.025000 0.058333
0 0.659375 0.562500 0.034375 0.058333
0 0.596875 0.579167 0.043750 0.041667
0 0.975000 0.625000 0.043750 0.020833
0 0.606250 0.150000 0.031250 0.041667
0 0.621875 0.229167 0.037500 0.070833
0 0.671875 0.266667 0.031250 0.083333
0 0.762500 0.204167 0.034375 0.041667
0 0.743750 0.245833 0.046875 0.045833
0 0.806250 0.245833 0.043750 0.058333
0 0.834375 0.195833 0.037500 0.033333
0 0.887500 0.262500 0.053125 0.041667
0 0.956250 0.312500 0.028125 0.066667
0 0.959375 0.395833 0.034375 0.045833
0 0.915625 0.400000 0.037500 0.045833
0 0.856250 0.345833 0.037500 0.020833
0 0.793750 0.341667 0.040625 0.050000
0 0.662500 0.350000 0.034375 0.037500
0 0.643750 0.366667 0.025000 0.050000
0 0.631250 0.412500 0.043750 0.054167
0 0.628125 0.454167 0.031250 0.050000
0 0.621875 0.520833 0.034375 0.033333
0 0.653125 0.504167 0.034375 0.045833
0 0.675000 0.475000 0.037500 0.041667
0 0.693750 0.400000 0.034375 0.054167
0 0.703125 0.441667 0.028125 0.045833
0 0.734375 0.433333 0.037500 0.045833
0 0.787500 0.491667 0.040625 0.050000
0 0.850000 0.454167 0.025000 0.054167
0 0.887500 0.491667 0.031250 0.041667
0 0.915625 0.537500 0.046875 0.041667
0 0.965625 0.525000 0.028125 0.041667
0 0.965625 0.470833 0.046875 0.033333
0 0.984375 0.179167 0.025000 0.037500
