0 0.106250 0.025000 0.062500 0.054167
0 0.228125 0.020833 0.053125 0.045833
0 0.290625 0.020833 0.062500 0.045833
0 0.884375 0.020833 0.071875 0.041667
0 0.028125 0.075000 0.056250 0.091667
0 0.118750 0.108333 0.068750 0.066667
0 0.034375 0.200000 0.059375 0.100000
0 0.037500 0.491667 0.059375 0.070833
0 0.021875 0.754167 0.043750 0.070833
0 0.050000 0.875000 0.043750 0.083333
0 0.087500 0.900000 0.046875 0.066667
0 0.128125 0.833333 0.056250 0.062500
0 0.146875 0.966667 0.034375 0.058333
0 0.118750 0.979167 0.031250 0.033333
0 0.290625 0.925000 0.050000 0.062500
0 0.362500 0.962500 0.050000 0.070833
0 0.281250 0.566667 0.068750 0.079167
0 0.181250 0.383333 0.059375 0.079167
0 0.253125 0.262500 0.056250 0.079167
0 0.171875 0.270833 0.056250 0.112500
0 0.178125 0.158333 0.071875 0.062500
0 0.300000 0.087500 0.068750 0.062500
0 0.537500 0.091667 0.053125 0.079167
0 0.487500 0.333333 0.037500 0.108333
0 0.387500 0.400000 0.046875 0.062500
0 0.440625 0.475000 0.056250 0.054167
0 0.500000 0.466667 0.040625 0.083333
0 0.515625 0.541667 0.043750 0.095833
0 0.459375 0.558333 0.053125 0.066667
0 0.434375 0.645833 0.053125 0.066667
0 0.481250 0.737500 0.109375 0.162500
0 0.503125 0.891667 0.059375 0.062500
0 0.562500 0.950000 0.046875 0.079167
0 0.696875 0.966667 0.075000 0.062500
0 0.706250 0.808333 0.059375 0.083333
0 0.721875 0.737500 0.062500 0.083333
0 0.731250 0.595833 0.068750 0.083333
0 0.712500 0.533333 0.078125 0.070833
0 0.587500 0.362500 0.056250 0.058333
0 0.831250 0.487500 0.046875 0.062500
0 0.865625 0.195833 0.090625 0.075000
0 0.965625 0.170833 0.053125 0.116667
0 0.971875 0.683333 0.046875 0.091667
0 0.965625 0.775000 0.046875 0.050000
0 0.950000 0.812500 0.043750 0.091667
0 0.878125 0.854167 0.059375 0.087500
0 0.965625 0.950000 0.062500 0.045833
