0 0.368750 0.045833 0.043750 0.045833
0 0.209375 0.058333 0.081250 0.091667
0 0.115625 0.029167 0.062500 0.062500
0 0.031250 0.025000 0.046875 0.050000
0 0.021875 0.066667 0.043750 0.070833
0 0.575000 0.145833 0.053125 0.070833
0 0.684375 0.158333 0.053125 0.075000
0 0.700000 0.270833 0.043750 0.091667
0 0.834375 0.204167 0.037500 0.062500
0 0.840625 0.075000 0.056250 0.070833
0 0.871875 0.050000 0.046875 0.062500
0 0.912500 0.104167 0.037500 0.116667
0 0.493750 0.208333 0.084375 0.083333
0 0.493750 0.287500 0.059375 0.062500
0 0.528125 0.312500 0.053125 0.062500
0 0.368750 0.120833 0.078125 0.079167
0 0.340625 0.233333 0.084375 0.075000
0 0.300000 0.295833 0.068750 0.091667
0 0.187500 0.208333 0.050000 0.066667
0 0.228125 0.308333 0.068750 0.070833
0 0.103125 0.287500 0.125000 0.062500
0 0.162500 0.341667 0.059375 0.062500
0 0.196875 0.391667 0.059375 0.066667
0 0.209375 0.458333 0.046875 0.070833
0 0.071875 0.375000 0.059375 0.066667
0 0.146875 0.425000 0.059375 0.070833
0 0.118750 0.500000 0.056250 0.058333
0 0.078125 0.466667 0.071875 0.062500
0 0.046875 0.545833 0.059375 0.087500
0 0.225000 0.579167 0.059375 0.066667
0 0.203125 0.633333 0.053125 0.079167
0 0.025000 0.720833 0.050000 0.079167
0 0.075000 0.770833 0.056250 0.062500
0 0.028125 0.858333 0.059375 0.079167
0 0.053125 0.950000 0.062500 0.091667
0 0.278125 0.937500 0.068750 0.079167
0 0.353125 0.916667 0.043750 0.083333
0 0.418750 0.833333 0.062500 0.079167
0 0.312500 0.708333 0.059375 0.095833
0 0.334375 0.791667 0.043750 0.062500
0 0.550000 0.558333 0.059375 0.070833
0 0.615625 0.562500 0.065625 0.062500
0 0.562500 0.783333 0.059375 0.066667
0 0.612500 0.920833 0.068750 0.075000
0 0.690625 0.883333 0.062500 0.058333
0 0.665625 0.666667 0.075000 0.087500
0 0.687500 0.725000 0.059375 0.095833
0 0.781250 0.695833 0.043750 0.083333
0 0.728125 0.550000 0.043750 0.083333
0 0.778125 0.570833 0.037500 0.070833
0 0.737500 0.450000 0.068750 0.050000
0 0.753125 0.400000 0.056250 0.050000
0 0.812500 0.420833 0.065625 0.104167
0 0.796875 0.320833 0.050000 0.079167
0 0.850000 0.270833 0.053125 0.062500
0 0.965625 0.291667 0.050000 0.070833
0 0.943750 0.512500 0.068750 0.058333
0 0.965625 0.600000 0.062500 0.054167
0 0.953125 0.700000 0.040625 0.087500
0 0.987500 0.725000 0.021875 0.091667
0 0.981250 0.820833 0.037500 0.062500
0 0.881250 0.904167 0.084375 0.062500
0 0.868750 0.954167 0.078125 0.058333
0 0.975000 0.975000 0.053125 0.050000
