0 0.090625 0.191667 0.056250 0.079167
0 0.253125 0.320833 0.059375 0.062500
0 0.303125 0.441667 0.062500 0.083333
0 0.178125 0.570833 0.053125 0.066667
0 0.168750 0.666667 0.056250 0.075000
0 0.262500 0.670833 0.059375 0.070833
0 0.125000 0.804167 0.056250 0.079167
0 0.146875 0.854167 0.062500 0.070833
0 0.221875 0.858333 0.053125 0.075000
0 0.262500 0.820833 0.050000 0.091667
0 0.215625 0.962500 0.075000 0.070833
0 0.837500 0.020833 0.053125 0.045833
0 0.631250 0.033333 0.062500 0.070833
0 0.571875 0.041667 0.053125 0.083333
0 0.434375 0.016667 0.043750 0.037500
0 0.346875 0.045833 0.043750 0.075000
0 0.400000 0.191667 0.078125 0.070833
0 0.468750 0.175000 0.059375 0.062500
0 0.578125 0.137500 0.056250 0.058333
0 0.512500 0.212500 0.037500 0.070833
0 0.556250 0.220833 0.046875 0.079167
0 0.550000 0.300000 0.046875 0.112500
0 0.600000 0.320833 0.043750 0.108333
0 0.675000 0.204167 0.062500 0.070833
0 0.925000 0.058333 0.068750 0.066667
0 0.971875 0.204167 0.050000 0.062500
0 0.940625 0.304167 0.053125 0.079167
0 0.743750 0.341667 0.059375 0.062500
0 0.337500 0.337500 0.046875 0.050000
0 0.728125 0.441667 0.071875 0.070833
0 0.790625 0.437500 0.078125 0.083333
0 0.846875 0.508333 0.046875 0.129167
0 0.909375 0.691667 0.046875 0.070833
0 0.956250 0.741667 0.068750 0.062500
0 0.975000 0.654167 0.046875 0.062500
0 0.740625 0.637500 0.056250 0.087500
0 0.668750 0.737500 0.059375 0.079167
0 0.425000 0.612500 0.062500 0.066667
0 0.343750 0.737500 0.040625 0.087500
0 0.409375 0.812500 0.053125 0.070833
0 0.393750 0.887500 0.040625 0.079167
0 0.515625 0.783333 0.078125 0.070833
0 0.471875 0.900000 0.034375 0.091667
0 0.606250 0.879167 0.059375 0.070833
0 0.634375 0.945833 0.062500 0.054167
0 0.743750 0.820833 0.046875 0.058333
0 0.750000 0.925000 0.068750 0.070833
0 0.778125 0.970833 0.062500 0.054167
0 0.496875 0.975000 0.053125 0.041667
0 0.315625 0.970833 0.053125 0.050000
0 0.396875 0.979167 0.050000 0.037500
