0 0.871875 0.962500 0.034375 0.054167
0 0.946875 0.958333 0.018750 0.058333
0 0.956250 0.925000 0.043750 0.070833
0 0.912500 0.879167 0.040625 0.062500
0 0.875000 0.845833 0.028125 0.050000
0 0.925000 0.791667 0.025000 0.045833
0 0.953125 0.791667 0.040625 0.041667
0 0.981250 0.833333 0.028125 0.050000
0 0.806250 0.787500 0.062500 0.050000
0 0.815625 0.866667 0.040625 0.041667
0 0.771875 0.900000 0.043750 0.066667
0 0.762500 0.866667 0.031250 0.037500
0 0.775000 0.979167 0.025000 0.033333
0 0.709375 0.941667 0.037500 0.033333
0 0.718750 0.887500 0.043750 0.045833
0 0.706250 0.795833 0.028125 0.037500
0 0.675000 0.833333 0.025000 0.050000
0 0.662500 0.904167 0.043750 0.025000
0 0.659375 0.979167 0.031250 0.037500
0 0.562500 0.920833 0.031250 0.066667
0 0.525000 0.875000 0.025000 0.054167
0 0.562500 0.808333 0.043750 0.050000
0 0.571875 0.770833 0.028125 0.045833
0 0.606250 0.770833 0.031250 0.050000
0 0.643750 0.762500 0.040625 0.045833
0 0.637500 0.845833 0.025000 0.066667
0 0.612500 0.891667 0.056250 0.075000
0 0.703125 0.716667 0.040625 0.083333
0 0.409375 0.979167 0.034375 0.033333
0 0.403125 0.912500 0.025000 0.037500
0 0.481250 0.862500 0.025000 0.058333
0 0.468750 0.916667 0.037500 0.045833
0 0.396875 0.837500 0.031250 0.033333
0 0.431250 0.808333 0.025000 0.037500
0 0.378125 0.762500 0.037500 0.054167
0 0.440625 0.754167 0.037500 0.037500
0 0.512500 0.712500 0.037500 0.058333
0 0.321875 0.779167 0.050000 0.045833
0 0.340625 0.850000 0.034375 0.050000
0 0.337500 0.895833 0.050000 0.045833
0 0.337500 0.954167 0.028125 0.045833
0 0.365625 0.950000 0.018750 0.079167
0 0.318750 0.979167 0.034375 0.041667
0 0.284375 0.954167 0.028125 0.037500
0 0.231250 0.933333 0.031250 0.037500
0 0.259375 0.891667 0.034375 0.041667
0 0.243750 0.837500 0.028125 0.058333
0 0.196875 0.800000 0.034375 0.033333
0 0.150000 0.775000 0.040625 0.041667
0 0.212500 0.737500 0.025000 0.050000
0 0.240625 0.750000 0.025000 0.062500
0 0.112500 0.804167 0.018750 0.079167
0 0.128125 0.854167 0.037500 0.050000
0 0.165625 0.875000 0.050000 0.041667
0 0.203125 0.891667 0.025000 0.066667
0 0.159375 0.925000 0.028125 0.037500
0 0.121875 0.929167 0.028125 0.050000
0 0.075000 0.891667 0.040625 0.041667
0 0.084375 0.837500 0.034375 0.050000
0 0.012500 0.854167 0.028125 0.025000
0 0.196875 0.970833 0.043750 0.050000
0 0.140625 0.958333 0.015625 0.016667
0 0.090625 0.950000 0.028125 0.037500
0 0.050000 0.979167 0.025000 0.037500
0 0.018750 0.366667 0.037500 0.045833
0 0.012500 0.650000 0.025000 0.087500
0 0.053125 0.654167 0.034375 0.062500
0 0.084375 0.670833 0.028125 0.062500
0 0.109375 0.708333 0.040625 0.041667
0 0.046875 0.775000 0.037500 0.062500
0 0.159375 0.700000 0.043750 0.037500
0 0.193750 0.658333 0.031250 0.058333
0 0.246875 0.675000 0.037500 0.037500
0 0.287500 0.700000 0.043750 0.041667
0 0.334375 0.716667 0.059375 0.041667
0 0.359375 0.679167 0.021875 0.041667
0 0.390625 0.641667 0.025000 0.045833
0 0.387500 0.583333 0.025000 0.050000
0 0.406250 0.550000 0.028125 0.050000
0 0.440625 0.520833 0.021875 0.058333
0 0.431250 0.445833 0.040625 0.054167
0 0.453125 0.375000 0.040625 0.029167
0 0.375000 0.283333 0.037500 0.062500
0 0.381250 0.387500 0.025000 0.050000
0 0.387500 0.437500 0.040625 0.058333
0 0.418750 0.275000 0.031250 0.075000
0 0.478125 0.333333 0.037500 0.029167
0 0.456250 0.258333 0.028125 0.050000
0 0.471875 0.195833 0.037500 0.037500
0 0.462500 0.150000 0.059375 0.029167
0 0.403125 0.166667 0.028125 0.050000
0 0.353125 0.166667 0.025000 0.041667
0 0.406250 0.025000 0.040625 0.045833
0 0.471875 0.045833 0.040625 0.050000
0 0.490625 0.104167 0.043750 0.054167
0 0.531250 0.016667 0.034375 0.029167
0 0.040625 0.025000 0.037500 0.050000
0 0.075000 0.020833 0.037500 0.029167
0 0.350000 0.012500 0.059375 0.025000
0 0.350000 0.025000 0.037500 0.050000
0 0.312500 0.058333 0.034375 0.062500
0 0.278125 0.087500 0.056250 0.054167
0 0.271875 0.045833 0.034375 0.041667
0 0.293750 0.012500 0.040625 0.033333
0 0.178125 0.012500 0.065625 0.025000
0 0.190625 0.033333 0.028125 0.041667
0 0.228125 0.050000 0.031250 0.066667
0 0.168750 0.095833 0.021875 0.050000
0 0.200000 0.112500 0.031250 0.079167
0 0.115625 0.066667 0.043750 0.033333
0 0.109375 0.112500 0.037500 0.025000
0 0.125000 0.137500 0.043750 0.054167
0 0.128125 0.187500 0.031250 0.029167
0 0.203125 0.158333 0.040625 0.041667
0 0.243750 0.166667 0.040625 0.033333
0 0.312500 0.116667 0.050000 0.050000
0 0.184375 0.295833 0.031250 0.045833
0 0.228125 0.329167 0.037500 0.037500
0 0.231250 0.216667 0.043750 0.062500
0 0.284375 0.208333 0.043750 0.070833
0 0.312500 0.204167 0.046875 0.041667
0 0.321875 0.283333 0.034375 0.083333
0 0.337500 0.366667 0.037500 0.083333
0 0.281250 0.387500 0.025000 0.087500
0 0.268750 0.462500 0.037500 0.029167
0 0.331250 0.483333 0.028125 0.041667
0 0.262500 0.508333 0.053125 0.050000
0 0.268750 0.566667 0.046875 0.037500
0 0.290625 0.629167 0.053125 0.054167
0 0.243750 0.604167 0.068750 0.029167
0 0.228125 0.379167 0.028125 0.050000
0 0.128125 0.325000 0.028125 0.037500
0 0.043750 0.237500 0.021875 0.041667
0 0.025000 0.200000 0.050000 0.041667
0 0.068750 0.345833 0.040625 0.041667
0 0.087500 0.395833 0.031250 0.062500
0 0.059375 0.425000 0.050000 0.029167
0 0.015625 0.487500 0.034375 0.033333
0 0.056250 0.479167 0.040625 0.033333
0 0.040625 0.545833 0.028125 0.041667
0 0.065625 0.550000 0.037500 0.054167
0 0.112500 0.604167 0.040625 0.058333
0 0.165625 0.583333 0.037500 0.058333
0 0.193750 0.537500 0.040625 0.050000
0 0.190625 0.483333 0.025000 0.054167
0 0.225000 0.466667 0.031250 0.062500
0 0.212500 0.425000 0.050000 0.041667
0 0.168750 0.420833 0.043750 0.041667
0 0.181250 0.370833 0.031250 0.045833
0 0.128125 0.379167 0.043750 0.041667
0 0.618750 0.075000 0.028125 0.041667
0 0.756250 0.020833 0.037500 0.050000
0 0.737500 0.066667 0.056250 0.066667
0 0.968750 0.020833 0.040625 0.045833
0 0.881250 0.020833 0.031250 0.033333
0 0.803125 0.041667 0.046875 0.050000
0 0.650000 0.208333 0.031250 0.045833
0 0.593750 0.208333 0.025000 0.062500
0 0.568750 0.125000 0.025000 0.029167
0 0.615625 0.137500 0.034375 0.037500
0 0.537500 0.220833 0.015625 0.062500
0 0.512500 0.229167 0.015625 0.058333
0 0.518750 0.404167 0.053125 0.054167
0 0.456250 0.466667 0.034375 0.041667
0 0.487500 0.508333 0.028125 0.033333
0 0.478125 0.554167 0.034375 0.033333
0 0.468750 0.591667 0.046875 0.029167
0 0.428125 0.612500 0.034375 0.041667
0 0.431250 0.720833 0.056250 0.025000
0 0.443750 0.687500 0.025000 0.050000
0 0.484375 0.670833 0.028125 0.062500
0 0.531250 0.587500 0.021875 0.062500
0 0.528125 0.495833 0.028125 0.062500
0 0.571875 0.529167 0.043750 0.033333
0 0.625000 0.566667 0.037500 0.037500
0 0.606250 0.616667 0.040625 0.041667
0 0.568750 0.645833 0.018750 0.075000
0 0.528125 0.666667 0.037500 0.083333
0 0.581250 0.720833 0.031250 0.041667
0 0.656250 0.712500 0.034375 0.025000
0 0.637500 0.695833 0.046875 0.033333
0 0.650000 0.629167 0.034375 0.025000
0 0.678125 0.575000 0.031250 0.045833
0 0.718750 0.608333 0.021875 0.066667
0 0.740625 0.616667 0.031250 0.070833
0 0.771875 0.629167 0.037500 0.062500
0 0.746875 0.679167 0.028125 0.029167
0 0.706250 0.658333 0.046875 0.037500
0 0.903125 0.691667 0.037500 0.054167
0 0.850000 0.712500 0.062500 0.050000
0 0.840625 0.662500 0.037500 0.037500
0 0.846875 0.570833 0.046875 0.058333
0 0.812500 0.487500 0.021875 0.062500
0 0.775000 0.450000 0.031250 0.045833
0 0.775000 0.366667 0.028125 0.041667
0 0.806250 0.383333 0.021875 0.070833
0 0.837500 0.320833 0.050000 0.037500
0 0.865625 0.216667 0.031250 0.054167
0 0.843750 0.100000 0.053125 0.054167
0 0.878125 0.150000 0.053125 0.037500
0 0.968750 0.120833 0.053125 0.050000
0 0.965625 0.200000 0.037500 0.041667
0 0.931250 0.241667 0.037500 0.045833
0 0.896875 0.216667 0.031250 0.062500
0 0.918750 0.287500 0.046875 0.062500
0 0.953125 0.283333 0.034375 0.075000
0 0.931250 0.333333 0.050000 0.050000
0 0.953125 0.395833 0.046875 0.058333
0 0.940625 0.454167 0.037500 0.070833
0 0.971875 0.458333 0.046875 0.058333
0 0.950000 0.533333 0.093750 0.029167
0 0.918750 0.579167 0.053125 0.029167
0 0.965625 0.600000 0.046875 0.062500
0 0.981250 0.633333 0.031250 0.070833
0 0.737500 0.470833 0.034375 0.033333
0 0.709375 0.412500 0.037500 0.050000
0 0.678125 0.462500 0.040625 0.095833
0 0.634375 0.500000 0.053125 0.058333
0 0.606250 0.475000 0.031250 0.070833
0 0.618750 0.400000 0.025000 0.066667
0 0.584375 0.370833 0.031250 0.062500
0 0.546875 0.295833 0.037500 0.058333
0 0.612500 0.300000 0.028125 0.041667
0 0.696875 0.266667 0.028125 0.041667
0 0.740625 0.287500 0.037500 0.054167
0 0.762500 0.245833 0.028125 0.050000
0 0.796875 0.275000 0.053125 0.045833
0 0.828125 0.220833 0.031250 0.033333
0 0.790625 0.150000 0.031250 0.058333
0 0.746875 0.137500 0.046875 0.041667
0 0.862500 0.362500 0.043750 0.058333
0 0.753125 0.541667 0.053125 0.054167
0 0.096875 0.254167 0.059375 0.050000
0 0.112500 0.512500 0.037500 0.083333
0 0.556250 0.170833 0.028125 0.045833
