0 0.650000 0.012500 0.028125 0.029167
0 0.621875 0.025000 0.021875 0.054167
0 0.700000 0.029167 0.025000 0.050000
0 0.721875 0.083333 0.018750 0.029167
0 0.762500 0.016667 0.012500 0.037500
0 0.806250 0.025000 0.025000 0.054167
0 0.971875 0.008333 0.034375 0.016667
0 0.912500 0.008333 0.037500 0.020833
0 0.925000 0.050000 0.034375 0.041667
0 0.962500 0.066667 0.028125 0.037500
0 0.971875 0.120833 0.037500 0.087500
0 0.278125 0.008333 0.031250 0.020833
0 0.240625 0.054167 0.015625 0.033333
0 0.200000 0.029167 0.021875 0.054167
0 0.156250 0.062500 0.021875 0.054167
0 0.131250 0.100000 0.053125 0.045833
0 0.090625 0.054167 0.034375 0.016667
0 0.084375 0.012500 0.021875 0.029167
0 0.037500 0.062500 0.025000 0.045833
0 0.071875 0.120833 0.021875 0.050000
0 0.100000 0.208333 0.025000 0.054167
0 0.050000 0.191667 0.040625 0.062500
0 0.068750 0.283333 0.034375 0.045833
0 0.056250 0.308333 0.037500 0.062500
0 0.118750 0.287500 0.018750 0.045833
0 0.171875 0.283333 0.043750 0.045833
0 0.128125 0.162500 0.034375 0.033333
0 0.203125 0.137500 0.034375 0.045833
0 0.190625 0.187500 0.034375 0.058333
0 0.234375 0.116667 0.034375 0.041667
0 0.271875 0.075000 0.037500 0.041667
0 0.296875 0.120833 0.040625 0.037500
0 0.312500 0.050000 0.031250 0.066667
0 0.343750 0.029167 0.025000 0.033333
0 0.409375 0.016667 0.046875 0.033333
0 0.400000 0.058333 0.034375 0.045833
0 0.409375 0.108333 0.040625 0.054167
0 0.446875 0.058333 0.043750 0.041667
0 0.509375 0.016667 0.043750 0.033333
0 0.512500 0.050000 0.034375 0.058333
0 0.528125 0.108333 0.031250 0.045833
0 0.559375 0.054167 0.037500 0.045833
0 0.596875 0.050000 0.050000 0.037500
0 0.618750 0.129167 0.031250 0.029167
0 0.615625 0.158333 0.034375 0.045833
0 0.578125 0.183333 0.043750 0.050000
0 0.534375 0.175000 0.028125 0.050000
0 0.487500 0.133333 0.025000 0.050000
0 0.453125 0.154167 0.031250 0.045833
0 0.518750 0.216667 0.037500 0.062500
0 0.553125 0.258333 0.031250 0.054167
0 0.562500 0.300000 0.028125 0.050000
0 0.525000 0.325000 0.031250 0.054167
0 0.518750 0.383333 0.037500 0.058333
0 0.518750 0.420833 0.028125 0.058333
0 0.453125 0.366667 0.034375 0.029167
0 0.456250 0.279167 0.031250 0.075000
0 0.284375 0.158333 0.028125 0.029167
0 0.259375 0.200000 0.025000 0.041667
0 0.231250 0.233333 0.028125 0.041667
0 0.265625 0.250000 0.034375 0.050000
0 0.250000 0.295833 0.021875 0.050000
0 0.315625 0.237500 0.037500 0.045833
0 0.315625 0.279167 0.037500 0.054167
0 0.362500 0.291667 0.025000 0.066667
0 0.328125 0.316667 0.031250 0.062500
0 0.315625 0.354167 0.034375 0.041667
0 0.378125 0.337500 0.040625 0.066667
0 0.350000 0.387500 0.031250 0.033333
0 0.400000 0.387500 0.037500 0.041667
0 0.346875 0.416667 0.034375 0.050000
0 0.365625 0.450000 0.043750 0.041667
0 0.275000 0.354167 0.025000 0.029167
0 0.228125 0.362500 0.025000 0.041667
0 0.146875 0.379167 0.028125 0.058333
0 0.028125 0.383333 0.034375 0.041667
0 0.125000 0.425000 0.034375 0.045833
0 0.081250 0.454167 0.018750 0.062500
0 0.012500 0.466667 0.025000 0.050000
0 0.090625 0.487500 0.037500 0.050000
0 0.106250 0.520833 0.034375 0.058333
0 0.165625 0.495833 0.025000 0.041667
0 0.200000 0.454167 0.037500 0.037500
0 0.231250 0.437500 0.028125 0.037500
0 0.265625 0.404167 0.028125 0.058333
0 0.290625 0.458333 0.025000 0.045833
0 0.306250 0.512500 0.031250 0.050000
0 0.246875 0.508333 0.031250 0.041667
0 0.203125 0.545833 0.018750 0.045833
0 0.165625 0.570833 0.034375 0.041667
0 0.131250 0.575000 0.034375 0.050000
0 0.084375 0.583333 0.031250 0.054167
0 0.025000 0.587500 0.028125 0.045833
0 0.037500 0.712500 0.025000 0.041667
0 0.093750 0.700000 0.025000 0.054167
0 0.096875 0.758333 0.018750 0.045833
0 0.125000 0.687500 0.031250 0.037500
0 0.159375 0.716667 0.034375 0.075000
0 0.181250 0.741667 0.031250 0.050000
0 0.206250 0.758333 0.034375 0.054167
0 0.240625 0.762500 0.021875 0.054167
0 0.162500 0.804167 0.043750 0.045833
0 0.134375 0.820833 0.021875 0.050000
0 0.106250 0.850000 0.037500 0.062500
0 0.165625 0.975000 0.031250 0.041667
0 0.178125 0.883333 0.031250 0.033333
0 0.212500 0.850000 0.031250 0.045833
0 0.212500 0.979167 0.021875 0.045833
0 0.243750 0.933333 0.043750 0.033333
0 0.306250 0.975000 0.043750 0.045833
0 0.331250 0.816667 0.025000 0.041667
0 0.318750 0.879167 0.037500 0.050000
0 0.293750 0.787500 0.015625 0.029167
0 0.262500 0.808333 0.025000 0.054167
0 0.293750 0.708333 0.028125 0.062500
0 0.259375 0.654167 0.046875 0.041667
0 0.275000 0.620833 0.040625 0.037500
0 0.253125 0.570833 0.046875 0.041667
0 0.331250 0.608333 0.028125 0.062500
0 0.318750 0.650000 0.043750 0.033333
0 0.350000 0.541667 0.021875 0.033333
0 0.384375 0.525000 0.037500 0.033333
0 0.431250 0.512500 0.034375 0.045833
0 0.496875 0.495833 0.065625 0.029167
0 0.465625 0.537500 0.046875 0.033333
0 0.412500 0.570833 0.021875 0.050000
0 0.450000 0.591667 0.037500 0.045833
0 0.415625 0.687500 0.025000 0.050000
0 0.378125 0.729167 0.025000 0.050000
0 0.359375 0.654167 0.025000 0.045833
0 0.478125 0.637500 0.043750 0.041667
0 0.446875 0.445833 0.034375 0.037500
0 0.462500 0.700000 0.050000 0.054167
0 0.475000 0.787500 0.040625 0.045833
0 0.534375 0.762500 0.031250 0.054167
0 0.556250 0.783333 0.028125 0.041667
0 0.543750 0.691667 0.040625 0.058333
0 0.565625 0.637500 0.040625 0.054167
0 0.518750 0.591667 0.018750 0.041667
0 0.537500 0.558333 0.021875 0.045833
0 0.603125 0.516667 0.034375 0.058333
0 0.596875 0.595833 0.031250 0.050000
0 0.584375 0.387500 0.031250 0.050000
0 0.612500 0.395833 0.037500 0.075000
0 0.606250 0.325000 0.034375 0.045833
0 0.640625 0.262500 0.034375 0.045833
0 0.603125 0.233333 0.021875 0.050000
0 0.675000 0.104167 0.034375 0.041667
0 0.700000 0.166667 0.050000 0.058333
0 0.665625 0.200000 0.025000 0.058333
0 0.684375 0.245833 0.015625 0.054167
0 0.668750 0.300000 0.034375 0.050000
0 0.721875 0.291667 0.034375 0.033333
0 0.731250 0.245833 0.034375 0.050000
0 0.753125 0.183333 0.040625 0.041667
0 0.762500 0.125000 0.043750 0.037500
0 0.821875 0.091667 0.025000 0.041667
0 0.878125 0.091667 0.046875 0.041667
0 0.821875 0.145833 0.021875 0.058333
0 0.803125 0.179167 0.031250 0.062500
0 0.787500 0.237500 0.037500 0.058333
0 0.865625 0.170833 0.025000 0.033333
0 0.925000 0.145833 0.028125 0.045833
0 0.915625 0.212500 0.025000 0.041667
0 0.881250 0.208333 0.034375 0.045833
0 0.856250 0.245833 0.028125 0.050000
0 0.840625 0.295833 0.034375 0.050000
0 0.928125 0.270833 0.028125 0.058333
0 0.912500 0.312500 0.028125 0.066667
0 0.731250 0.337500 0.040625 0.054167
0 0.709375 0.358333 0.040625 0.041667
0 0.678125 0.400000 0.025000 0.041667
0 0.712500 0.420833 0.028125 0.066667
0 0.771875 0.354167 0.037500 0.054167
0 0.775000 0.395833 0.043750 0.041667
0 0.784375 0.441667 0.021875 0.054167
0 0.762500 0.475000 0.021875 0.058333
0 0.746875 0.504167 0.031250 0.066667
0 0.721875 0.545833 0.028125 0.054167
0 0.646875 0.479167 0.021875 0.058333
0 0.687500 0.487500 0.037500 0.062500
0 0.656250 0.558333 0.034375 0.050000
0 0.646875 0.608333 0.043750 0.045833
0 0.703125 0.608333 0.034375 0.062500
0 0.731250 0.645833 0.040625 0.054167
0 0.778125 0.616667 0.021875 0.075000
0 0.837500 0.591667 0.043750 0.062500
0 0.806250 0.533333 0.043750 0.033333
0 0.828125 0.354167 0.028125 0.050000
0 0.831250 0.416667 0.031250 0.062500
0 0.856250 0.458333 0.037500 0.050000
0 0.890625 0.420833 0.031250 0.041667
0 0.921875 0.450000 0.025000 0.029167
0 0.884375 0.529167 0.031250 0.020833
0 0.937500 0.541667 0.040625 0.041667
0 0.953125 0.587500 0.037500 0.041667
0 0.909375 0.616667 0.028125 0.079167
0 0.962500 0.679167 0.031250 0.045833
0 0.940625 0.716667 0.046875 0.050000
0 0.887500 0.720833 0.031250 0.041667
0 0.800000 0.720833 0.037500 0.050000
0 0.806250 0.795833 0.031250 0.041667
0 0.875000 0.841667 0.037500 0.050000
0 0.931250 0.812500 0.037500 0.050000
0 0.965625 0.787500 0.034375 0.037500
0 0.981250 0.745833 0.034375 0.058333
0 0.987500 0.612500 0.028125 0.050000
0 0.971875 0.504167 0.028125 0.062500
0 0.990625 0.500000 0.018750 0.075000
0 0.987500 0.354167 0.021875 0.050000
0 0.962500 0.412500 0.015625 0.075000
0 0.943750 0.379167 0.015625 0.058333
0 0.943750 0.341667 0.034375 0.070833
0 0.984375 0.266667 0.018750 0.058333
0 0.668750 0.775000 0.028125 0.045833
0 0.665625 0.820833 0.025000 0.054167
0 0.671875 0.866667 0.025000 0.037500
0 0.740625 0.845833 0.034375 0.041667
0 0.737500 0.779167 0.043750 0.037500
0 0.778125 0.879167 0.025000 0.058333
0 0.818750 0.879167 0.018750 0.041667
0 0.746875 0.920833 0.037500 0.037500
0 0.703125 0.912500 0.043750 0.025000
0 0.640625 0.916667 0.025000 0.033333
0 0.615625 0.837500 0.034375 0.041667
0 0.537500 0.837500 0.034375 0.041667
0 0.437500 0.845833 0.040625 0.041667
0 0.459375 0.891667 0.037500 0.045833
0 0.515625 0.908333 0.031250 0.037500
0 0.481250 0.954167 0.021875 0.033333
0 0.440625 0.979167 0.025000 0.041667
0 0.387500 0.929167 0.046875 0.037500
0 0.503125 0.975000 0.025000 0.050000
0 0.575000 0.912500 0.034375 0.045833
0 0.681250 0.966667 0.025000 0.041667
0 0.893750 0.966667 0.037500 0.020833
0 0.884375 0.916667 0.025000 0.025000
0 0.915625 0.883333 0.031250 0.037500
0 0.953125 0.916667 0.025000 0.045833
0 0.959375 0.962500 0.031250 0.029167
