0 0.056250 0.137500 0.059375 0.095833
0 0.137500 0.129167 0.059375 0.100000
0 0.059375 0.279167 0.062500 0.079167
0 0.140625 0.287500 0.071875 0.104167
0 0.084375 0.420833 0.062500 0.079167
0 0.121875 0.404167 0.046875 0.079167
0 0.212500 0.366667 0.059375 0.070833
0 0.175000 0.520833 0.056250 0.100000
0 0.115625 0.608333 0.056250 0.062500
0 0.018750 0.720833 0.043750 0.091667
0 0.056250 0.841667 0.046875 0.045833
0 0.100000 0.691667 0.075000 0.037500
0 0.146875 0.737500 0.059375 0.062500
0 0.203125 0.679167 0.046875 0.062500
0 0.275000 0.625000 0.056250 0.054167
0 0.234375 0.725000 0.056250 0.120833
0 0.134375 0.937500 0.046875 0.070833
0 0.253125 0.870833 0.053125 0.108333
0 0.234375 0.970833 0.093750 0.054167
0 0.312500 0.933333 0.056250 0.070833
0 0.331250 0.820833 0.062500 0.079167
0 0.309375 0.700000 0.046875 0.066667
0 0.346875 0.587500 0.037500 0.091667
0 0.418750 0.562500 0.059375 0.087500
0 0.400000 0.666667 0.056250 0.058333
0 0.453125 0.670833 0.068750 0.045833
0 0.478125 0.583333 0.065625 0.070833
0 0.562500 0.391667 0.043750 0.087500
0 0.521875 0.454167 0.059375 0.062500
0 0.559375 0.662500 0.053125 0.062500
0 0.584375 0.775000 0.056250 0.062500
0 0.590625 0.887500 0.043750 0.087500
0 0.662500 0.945833 0.059375 0.070833
0 0.681250 0.870833 0.065625 0.070833
0 0.637500 0.741667 0.075000 0.058333
0 0.650000 0.654167 0.065625 0.087500
0 0.743750 0.758333 0.059375 0.075000
0 0.734375 0.641667 0.053125 0.100000
0 0.778125 0.608333 0.059375 0.129167
0 0.837500 0.625000 0.075000 0.116667
0 0.959375 0.691667 0.059375 0.087500
0 0.953125 0.920833 0.053125 0.079167
0 0.462500 0.229167 0.053125 0.087500
0 0.593750 0.191667 0.059375 0.112500
0 0.715625 0.370833 0.046875 0.112500
0 0.746875 0.333333 0.046875 0.091667
0 0.806250 0.308333 0.065625 0.058333
0 0.846875 0.200000 0.087500 0.091667
0 0.950000 0.437500 0.050000 0.058333
0 0.931250 0.291667 0.046875 0.100000
0 0.971875 0.316667 0.053125 0.033333
0 0.315625 0.195833 0.062500 0.070833
0 0.312500 0.262500 0.078125 0.083333
0 0.353125 0.029167 0.031250 0.058333
0 0.628125 0.016667 0.068750 0.033333
0 0.618750 0.045833 0.093750 0.054167
0 0.800000 0.075000 0.059375 0.058333
0 0.918750 0.070833 0.056250 0.050000
