0 0.078125 0.262500 0.040625 0.070833
0 0.037500 0.333333 0.037500 0.066667
0 0.009375 0.404167 0.021875 0.100000
0 0.021875 0.479167 0.043750 0.087500
0 0.053125 0.533333 0.081250 0.070833
0 0.071875 0.450000 0.056250 0.066667
0 0.059375 0.058333 0.053125 0.095833
0 0.109375 0.054167 0.059375 0.079167
0 0.218750 0.300000 0.056250 0.083333
0 0.231250 0.362500 0.034375 0.050000
0 0.190625 0.383333 0.046875 0.075000
0 0.137500 0.416667 0.046875 0.125000
0 0.396875 0.129167 0.084375 0.100000
0 0.493750 0.112500 0.043750 0.116667
0 0.475000 0.137500 0.062500 0.166667
0 0.503125 0.020833 0.056250 0.041667
0 0.018750 0.016667 0.040625 0.033333
0 0.065625 0.666667 0.068750 0.108333
0 0.234375 0.620833 0.084375 0.075000
0 0.106250 0.858333 0.056250 0.070833
0 0.140625 0.887500 0.056250 0.095833
0 0.221875 0.900000 0.037500 0.091667
0 0.278125 0.870833 0.046875 0.054167
0 0.062500 0.970833 0.031250 0.050000
0 0.400000 0.612500 0.062500 0.095833
0 0.468750 0.920833 0.043750 0.100000
0 0.568750 0.645833 0.046875 0.083333
0 0.500000 0.545833 0.028125 0.066667
0 0.478125 0.504167 0.059375 0.054167
0 0.562500 0.304167 0.056250 0.062500
0 0.606250 0.383333 0.062500 0.112500
0 0.659375 0.275000 0.046875 0.079167
0 0.840625 0.370833 0.050000 0.066667
0 0.812500 0.641667 0.031250 0.045833
0 0.706250 0.604167 0.025000 0.091667
0 0.671875 0.570833 0.037500 0.075000
0 0.678125 0.645833 0.015625 0.091667
0 0.684375 0.741667 0.034375 0.075000
0 0.709375 0.770833 0.050000 0.083333
0 0.750000 0.962500 0.028125 0.075000
0 0.787500 0.983333 0.050000 0.029167
0 0.878125 0.337500 0.053125 0.087500
0 0.962500 0.479167 0.059375 0.062500
0 0.915625 0.504167 0.059375 0.070833
0 0.978125 0.583333 0.037500 0.045833
0 0.971875 0.637500 0.053125 0.041667
0 0.915625 0.758333 0.046875 0.070833
0 0.956250 0.783333 0.053125 0.066667
0 0.928125 0.920833 0.059375 0.100000
