0 0.796875 0.020833 0.046875 0.041667
0 0.740625 0.058333 0.043750 0.066667
0 0.671875 0.079167 0.037500 0.045833
0 0.756250 0.104167 0.040625 0.041667
0 0.793750 0.054167 0.040625 0.058333
0 0.806250 0.091667 0.034375 0.050000
0 0.884375 0.016667 0.046875 0.037500
0 0.865625 0.058333 0.056250 0.058333
0 0.856250 0.087500 0.043750 0.050000
0 0.853125 0.133333 0.040625 0.041667
0 0.809375 0.154167 0.031250 0.050000
0 0.831250 0.179167 0.040625 0.050000
0 0.881250 0.195833 0.043750 0.058333
0 0.784375 0.179167 0.028125 0.066667
0 0.750000 0.183333 0.037500 0.058333
0 0.821875 0.250000 0.040625 0.062500
0 0.793750 0.329167 0.040625 0.054167
0 0.731250 0.358333 0.034375 0.054167
0 0.706250 0.287500 0.028125 0.079167
0 0.681250 0.250000 0.040625 0.062500
0 0.678125 0.391667 0.037500 0.062500
0 0.718750 0.450000 0.046875 0.058333
0 0.725000 0.541667 0.037500 0.045833
0 0.815625 0.412500 0.046875 0.058333
0 0.843750 0.441667 0.043750 0.066667
0 0.875000 0.362500 0.040625 0.054167
0 0.893750 0.320833 0.034375 0.066667
0 0.946875 0.320833 0.034375 0.054167
0 0.912500 0.420833 0.037500 0.054167
0 0.940625 0.458333 0.028125 0.054167
0 0.928125 0.495833 0.028125 0.054167
0 0.878125 0.479167 0.031250 0.045833
0 0.834375 0.487500 0.056250 0.033333
0 0.809375 0.533333 0.059375 0.045833
0 0.793750 0.566667 0.043750 0.041667
0 0.818750 0.600000 0.050000 0.045833
0 0.731250 0.620833 0.034375 0.050000
0 0.771875 0.662500 0.046875 0.050000
0 0.800000 0.708333 0.031250 0.041667
0 0.856250 0.704167 0.050000 0.045833
0 0.725000 0.687500 0.046875 0.062500
0 0.753125 0.741667 0.037500 0.045833
0 0.709375 0.775000 0.034375 0.045833
0 0.893750 0.766667 0.040625 0.045833
0 0.831250 0.800000 0.056250 0.041667
0 0.825000 0.837500 0.040625 0.045833
0 0.725000 0.841667 0.043750 0.045833
0 0.653125 0.712500 0.034375 0.054167
0 0.646875 0.787500 0.031250 0.050000
0 0.646875 0.850000 0.040625 0.062500
0 0.678125 0.879167 0.046875 0.054167
0 0.737500 0.925000 0.031250 0.050000
0 0.765625 0.912500 0.043750 0.062500
0 0.806250 0.950000 0.034375 0.062500
0 0.846875 0.962500 0.040625 0.054167
0 0.896875 0.945833 0.028125 0.054167
0 0.762500 0.975000 0.046875 0.041667
0 0.615625 0.920833 0.037500 0.054167
0 0.596875 0.841667 0.031250 0.050000
0 0.628125 0.637500 0.043750 0.045833
0 0.646875 0.662500 0.043750 0.033333
0 0.681250 0.575000 0.031250 0.050000
0 0.625000 0.541667 0.037500 0.050000
0 0.637500 0.425000 0.037500 0.070833
0 0.571875 0.420833 0.028125 0.058333
0 0.581250 0.370833 0.037500 0.058333
0 0.575000 0.316667 0.031250 0.041667
0 0.584375 0.283333 0.037500 0.050000
0 0.628125 0.225000 0.037500 0.062500
0 0.612500 0.179167 0.062500 0.045833
0 0.637500 0.108333 0.043750 0.045833
0 0.609375 0.087500 0.040625 0.041667
0 0.593750 0.050000 0.059375 0.041667
0 0.468750 0.025000 0.040625 0.054167
0 0.509375 0.079167 0.040625 0.054167
0 0.456250 0.100000 0.031250 0.050000
0 0.540625 0.100000 0.040625 0.062500
0 0.515625 0.145833 0.034375 0.045833
0 0.475000 0.150000 0.034375 0.054167
0 0.493750 0.191667 0.046875 0.062500
0 0.471875 0.237500 0.046875 0.054167
0 0.518750 0.283333 0.046875 0.050000
0 0.528125 0.233333 0.043750 0.045833
0 0.556250 0.212500 0.028125 0.033333
0 0.543750 0.175000 0.046875 0.050000
0 0.590625 0.137500 0.031250 0.058333
0 0.515625 0.020833 0.056250 0.037500
0 0.537500 0.487500 0.043750 0.062500
0 0.587500 0.704167 0.028125 0.045833
0 0.562500 0.737500 0.034375 0.054167
0 0.518750 0.783333 0.046875 0.041667
0 0.559375 0.829167 0.034375 0.062500
0 0.509375 0.845833 0.059375 0.050000
0 0.440625 0.808333 0.046875 0.045833
0 0.496875 0.754167 0.053125 0.041667
0 0.478125 0.704167 0.053125 0.037500
0 0.459375 0.612500 0.043750 0.054167
0 0.415625 0.570833 0.040625 0.054167
0 0.471875 0.483333 0.028125 0.062500
0 0.425000 0.475000 0.043750 0.058333
0 0.387500 0.475000 0.025000 0.045833
0 0.368750 0.483333 0.037500 0.062500
0 0.356250 0.516667 0.040625 0.050000
0 0.325000 0.520833 0.037500 0.058333
0 0.368750 0.400000 0.031250 0.054167
0 0.400000 0.366667 0.043750 0.062500
0 0.378125 0.279167 0.040625 0.075000
0 0.403125 0.212500 0.037500 0.062500
0 0.406250 0.116667 0.043750 0.054167
0 0.425000 0.041667 0.028125 0.083333
0 0.400000 0.025000 0.031250 0.050000
0 0.296875 0.050000 0.046875 0.054167
0 0.325000 0.087500 0.056250 0.058333
0 0.271875 0.129167 0.034375 0.041667
0 0.268750 0.179167 0.037500 0.075000
0 0.306250 0.170833 0.028125 0.066667
0 0.343750 0.158333 0.043750 0.054167
0 0.225000 0.095833 0.031250 0.062500
0 0.200000 0.100000 0.034375 0.058333
0 0.171875 0.120833 0.031250 0.045833
0 0.178125 0.045833 0.037500 0.050000
0 0.146875 0.016667 0.037500 0.037500
0 0.021875 0.033333 0.046875 0.058333
0 0.012500 0.100000 0.025000 0.058333
0 0.040625 0.116667 0.040625 0.045833
0 0.078125 0.145833 0.043750 0.079167
0 0.096875 0.120833 0.031250 0.050000
0 0.118750 0.045833 0.040625 0.050000
0 0.118750 0.145833 0.037500 0.062500
0 0.196875 0.162500 0.065625 0.029167
0 0.178125 0.191667 0.050000 0.037500
0 0.134375 0.212500 0.025000 0.050000
0 0.209375 0.233333 0.037500 0.062500
0 0.259375 0.225000 0.056250 0.054167
0 0.275000 0.266667 0.040625 0.054167
0 0.328125 0.262500 0.031250 0.050000
0 0.196875 0.287500 0.050000 0.045833
0 0.134375 0.266667 0.031250 0.054167
0 0.084375 0.270833 0.034375 0.062500
0 0.059375 0.291667 0.034375 0.033333
0 0.034375 0.333333 0.034375 0.050000
0 0.018750 0.362500 0.037500 0.062500
0 0.090625 0.354167 0.053125 0.066667
0 0.084375 0.408333 0.046875 0.054167
0 0.043750 0.450000 0.090625 0.054167
0 0.212500 0.354167 0.028125 0.075000
0 0.271875 0.362500 0.034375 0.045833
0 0.262500 0.433333 0.037500 0.045833
0 0.328125 0.387500 0.031250 0.095833
0 0.250000 0.504167 0.034375 0.041667
0 0.275000 0.612500 0.046875 0.041667
0 0.346875 0.645833 0.043750 0.079167
0 0.378125 0.620833 0.043750 0.070833
0 0.087500 0.520833 0.046875 0.045833
0 0.062500 0.575000 0.028125 0.062500
0 0.015625 0.629167 0.031250 0.120833
0 0.046875 0.662500 0.043750 0.062500
0 0.090625 0.654167 0.046875 0.045833
0 0.118750 0.720833 0.037500 0.045833
0 0.062500 0.754167 0.062500 0.058333
0 0.015625 0.945833 0.034375 0.066667
0 0.121875 0.904167 0.037500 0.054167
0 0.162500 0.970833 0.037500 0.041667
0 0.168750 0.883333 0.046875 0.045833
0 0.137500 0.808333 0.034375 0.062500
0 0.184375 0.762500 0.043750 0.054167
0 0.218750 0.758333 0.043750 0.058333
0 0.187500 0.841667 0.059375 0.050000
0 0.309375 0.750000 0.053125 0.070833
0 0.334375 0.787500 0.040625 0.054167
0 0.303125 0.825000 0.034375 0.050000
0 0.268750 0.829167 0.053125 0.062500
0 0.240625 0.908333 0.043750 0.037500
0 0.187500 0.937500 0.046875 0.054167
0 0.240625 0.962500 0.043750 0.054167
0 0.293750 0.912500 0.046875 0.050000
0 0.309375 0.883333 0.056250 0.041667
0 0.353125 0.833333 0.046875 0.050000
0 0.384375 0.854167 0.031250 0.058333
0 0.440625 0.341667 0.046875 0.079167
0 0.384375 0.912500 0.040625 0.050000
0 0.350000 0.941667 0.046875 0.062500
0 0.315625 0.979167 0.037500 0.033333
0 0.421875 0.891667 0.028125 0.066667
0 0.481250 0.891667 0.028125 0.062500
0 0.525000 0.916667 0.050000 0.045833
0 0.546875 0.941667 0.043750 0.045833
0 0.578125 0.958333 0.040625 0.045833
0 0.603125 0.983333 0.059375 0.025000
0 0.506250 0.970833 0.046875 0.054167
0 0.471875 0.970833 0.037500 0.050000
0 0.450000 0.920833 0.040625 0.062500
0 0.965625 0.266667 0.040625 0.058333
0 0.971875 0.191667 0.028125 0.075000
0 0.946875 0.083333 0.040625 0.066667
0 0.937500 0.166667 0.028125 0.062500
0 0.984375 0.137500 0.028125 0.083333
0 0.975000 0.029167 0.031250 0.033333
0 0.968750 0.900000 0.028125 0.045833
0 0.915625 0.833333 0.050000 0.054167
0 0.984375 0.816667 0.031250 0.054167
0 0.978125 0.550000 0.040625 0.054167
0 0.990625 0.358333 0.015625 0.062500
0 0.975000 0.366667 0.025000 0.054167
0 0.975000 0.437500 0.037500 0.058333
0 0.890625 0.550000 0.028125 0.058333
0 0.903125 0.625000 0.053125 0.050000
0 0.918750 0.641667 0.040625 0.041667
0 0.978125 0.620833 0.040625 0.054167
0 0.968750 0.670833 0.065625 0.070833
0 0.975000 0.733333 0.046875 0.066667
