0 0.015625 0.700000 0.034375 0.045833
0 0.065625 0.741667 0.046875 0.070833
0 0.087500 0.787500 0.040625 0.070833
0 0.112500 0.725000 0.037500 0.075000
0 0.134375 0.750000 0.040625 0.083333
0 0.143750 0.683333 0.056250 0.062500
0 0.181250 0.679167 0.037500 0.062500
0 0.265625 0.658333 0.043750 0.050000
0 0.246875 0.725000 0.065625 0.058333
0 0.178125 0.791667 0.043750 0.058333
0 0.215625 0.804167 0.050000 0.045833
0 0.209375 0.833333 0.040625 0.050000
0 0.271875 0.795833 0.059375 0.037500
0 0.281250 0.758333 0.050000 0.050000
0 0.312500 0.729167 0.046875 0.050000
0 0.334375 0.791667 0.050000 0.054167
0 0.375000 0.795833 0.050000 0.037500
0 0.362500 0.837500 0.040625 0.041667
0 0.325000 0.825000 0.034375 0.037500
0 0.293750 0.829167 0.046875 0.050000
0 0.437500 0.854167 0.043750 0.062500
0 0.471875 0.829167 0.037500 0.041667
0 0.471875 0.770833 0.046875 0.075000
0 0.415625 0.733333 0.043750 0.033333
0 0.434375 0.712500 0.037500 0.050000
0 0.509375 0.795833 0.037500 0.070833
0 0.546875 0.837500 0.053125 0.041667
0 0.528125 0.862500 0.059375 0.037500
0 0.509375 0.904167 0.053125 0.058333
0 0.568750 0.895833 0.018750 0.087500
0 0.596875 0.904167 0.046875 0.062500
0 0.628125 0.866667 0.046875 0.062500
0 0.631250 0.808333 0.059375 0.054167
0 0.565625 0.783333 0.046875 0.062500
0 0.550000 0.725000 0.043750 0.095833
0 0.621875 0.762500 0.046875 0.066667
0 0.606250 0.716667 0.065625 0.050000
0 0.593750 0.675000 0.056250 0.041667
0 0.578125 0.650000 0.046875 0.050000
0 0.684375 0.729167 0.056250 0.075000
0 0.750000 0.741667 0.046875 0.054167
0 0.746875 0.687500 0.046875 0.058333
0 0.818750 0.687500 0.046875 0.050000
0 0.831250 0.729167 0.087500 0.050000
0 0.884375 0.762500 0.056250 0.037500
0 0.940625 0.762500 0.031250 0.087500
0 0.965625 0.758333 0.046875 0.066667
0 0.903125 0.829167 0.043750 0.054167
0 0.862500 0.825000 0.040625 0.066667
0 0.831250 0.858333 0.040625 0.058333
0 0.790625 0.808333 0.031250 0.062500
0 0.753125 0.816667 0.034375 0.070833
0 0.725000 0.816667 0.040625 0.070833
0 0.678125 0.841667 0.034375 0.075000
0 0.693750 0.883333 0.034375 0.041667
0 0.728125 0.900000 0.046875 0.054167
0 0.759375 0.870833 0.040625 0.058333
0 0.790625 0.891667 0.050000 0.050000
0 0.796875 0.929167 0.056250 0.062500
0 0.934375 0.925000 0.068750 0.058333
0 0.900000 0.662500 0.040625 0.066667
0 0.865625 0.641667 0.043750 0.062500
0 0.837500 0.579167 0.075000 0.045833
0 0.818750 0.625000 0.071875 0.037500
0 0.784375 0.645833 0.050000 0.050000
0 0.746875 0.600000 0.043750 0.062500
0 0.703125 0.679167 0.037500 0.058333
0 0.690625 0.650000 0.046875 0.066667
0 0.646875 0.641667 0.043750 0.079167
0 0.618750 0.595833 0.050000 0.062500
0 0.050000 0.495833 0.056250 0.075000
0 0.103125 0.525000 0.043750 0.079167
0 0.125000 0.570833 0.065625 0.054167
0 0.128125 0.620833 0.053125 0.066667
0 0.171875 0.604167 0.043750 0.083333
0 0.203125 0.579167 0.056250 0.050000
0 0.234375 0.587500 0.037500 0.095833
0 0.275000 0.562500 0.059375 0.062500
0 0.325000 0.641667 0.040625 0.050000
0 0.328125 0.550000 0.040625 0.045833
0 0.371875 0.575000 0.034375 0.041667
0 0.390625 0.587500 0.037500 0.083333
0 0.421875 0.633333 0.043750 0.054167
0 0.471875 0.625000 0.031250 0.058333
0 0.500000 0.608333 0.040625 0.075000
0 0.543750 0.570833 0.037500 0.054167
0 0.590625 0.533333 0.040625 0.045833
0 0.568750 0.487500 0.046875 0.083333
0 0.534375 0.483333 0.056250 0.075000
0 0.475000 0.458333 0.040625 0.066667
0 0.475000 0.566667 0.068750 0.058333
0 0.462500 0.512500 0.050000 0.070833
0 0.418750 0.554167 0.046875 0.058333
0 0.406250 0.516667 0.059375 0.045833
0 0.396875 0.466667 0.050000 0.062500
0 0.390625 0.408333 0.046875 0.062500
0 0.353125 0.370833 0.059375 0.054167
0 0.325000 0.325000 0.053125 0.054167
0 0.246875 0.325000 0.040625 0.041667
0 0.203125 0.308333 0.046875 0.062500
0 0.250000 0.387500 0.037500 0.041667
0 0.306250 0.395833 0.040625 0.066667
0 0.328125 0.454167 0.031250 0.100000
0 0.281250 0.487500 0.037500 0.054167
0 0.228125 0.466667 0.034375 0.050000
0 0.184375 0.533333 0.046875 0.033333
0 0.125000 0.495833 0.037500 0.050000
0 0.181250 0.504167 0.034375 0.058333
0 0.184375 0.454167 0.065625 0.050000
0 0.175000 0.404167 0.059375 0.079167
0 0.437500 0.337500 0.068750 0.058333
0 0.421875 0.316667 0.062500 0.045833
0 0.421875 0.270833 0.078125 0.037500
0 0.418750 0.245833 0.065625 0.045833
0 0.356250 0.204167 0.056250 0.058333
0 0.328125 0.250000 0.037500 0.091667
0 0.278125 0.266667 0.046875 0.045833
0 0.259375 0.225000 0.043750 0.045833
0 0.253125 0.166667 0.043750 0.054167
0 0.509375 0.354167 0.037500 0.066667
0 0.562500 0.358333 0.028125 0.091667
0 0.581250 0.354167 0.037500 0.083333
0 0.606250 0.433333 0.046875 0.037500
0 0.612500 0.391667 0.056250 0.062500
0 0.671875 0.391667 0.040625 0.054167
0 0.553125 0.250000 0.040625 0.054167
0 0.587500 0.208333 0.034375 0.075000
0 0.637500 0.229167 0.053125 0.037500
0 0.631250 0.283333 0.031250 0.070833
0 0.668750 0.495833 0.046875 0.054167
0 0.684375 0.583333 0.056250 0.054167
0 0.740625 0.504167 0.050000 0.033333
0 0.818750 0.533333 0.056250 0.037500
0 0.900000 0.583333 0.046875 0.050000
0 0.934375 0.516667 0.037500 0.075000
0 0.921875 0.462500 0.028125 0.070833
0 0.884375 0.487500 0.034375 0.062500
0 0.950000 0.375000 0.059375 0.054167
0 0.968750 0.425000 0.043750 0.079167
0 0.859375 0.441667 0.046875 0.062500
0 0.837500 0.425000 0.046875 0.045833
0 0.793750 0.450000 0.046875 0.058333
0 0.718750 0.429167 0.065625 0.054167
0 0.718750 0.387500 0.040625 0.045833
0 0.078125 0.429167 0.043750 0.087500
0 0.081250 0.354167 0.037500 0.045833
0 0.100000 0.329167 0.043750 0.079167
0 0.115625 0.254167 0.031250 0.087500
0 0.156250 0.291667 0.037500 0.070833
0 0.150000 0.220833 0.037500 0.050000
0 0.115625 0.145833 0.046875 0.054167
0 0.081250 0.204167 0.043750 0.070833
0 0.059375 0.250000 0.046875 0.054167
0 0.034375 0.312500 0.037500 0.041667
0 0.018750 0.358333 0.040625 0.066667
0 0.006250 0.229167 0.015625 0.062500
0 0.015625 0.025000 0.034375 0.054167
0 0.053125 0.066667 0.043750 0.037500
0 0.078125 0.025000 0.043750 0.054167
0 0.115625 0.037500 0.043750 0.070833
0 0.140625 0.025000 0.043750 0.050000
0 0.153125 0.137500 0.046875 0.045833
0 0.171875 0.120833 0.034375 0.050000
0 0.203125 0.212500 0.025000 0.062500
0 0.218750 0.120833 0.025000 0.062500
0 0.281250 0.020833 0.037500 0.041667
0 0.337500 0.025000 0.037500 0.050000
0 0.284375 0.054167 0.028125 0.045833
0 0.293750 0.141667 0.034375 0.054167
0 0.340625 0.062500 0.046875 0.050000
0 0.340625 0.104167 0.050000 0.062500
0 0.353125 0.141667 0.071875 0.054167
0 0.403125 0.083333 0.040625 0.058333
0 0.393750 0.120833 0.025000 0.054167
0 0.428125 0.179167 0.043750 0.054167
0 0.428125 0.087500 0.037500 0.054167
0 0.456250 0.120833 0.046875 0.041667
0 0.468750 0.179167 0.037500 0.058333
0 0.521875 0.187500 0.031250 0.062500
0 0.512500 0.075000 0.046875 0.058333
0 0.531250 0.041667 0.046875 0.058333
0 0.590625 0.066667 0.034375 0.054167
0 0.650000 0.020833 0.037500 0.045833
0 0.690625 0.041667 0.050000 0.062500
0 0.659375 0.141667 0.046875 0.062500
0 0.903125 0.037500 0.046875 0.054167
0 0.968750 0.033333 0.046875 0.062500
0 0.887500 0.075000 0.062500 0.058333
0 0.878125 0.125000 0.046875 0.058333
0 0.831250 0.100000 0.053125 0.070833
0 0.812500 0.145833 0.037500 0.045833
0 0.775000 0.175000 0.040625 0.033333
0 0.740625 0.166667 0.071875 0.058333
0 0.687500 0.250000 0.037500 0.062500
0 0.728125 0.233333 0.031250 0.070833
0 0.787500 0.216667 0.037500 0.054167
0 0.765625 0.262500 0.040625 0.050000
0 0.740625 0.304167 0.040625 0.062500
0 0.825000 0.225000 0.043750 0.054167
0 0.878125 0.225000 0.046875 0.066667
0 0.940625 0.275000 0.043750 0.075000
0 0.978125 0.287500 0.034375 0.062500
0 0.865625 0.304167 0.046875 0.058333
0 0.865625 0.341667 0.046875 0.058333
0 0.809375 0.341667 0.037500 0.045833
0 0.809375 0.383333 0.065625 0.045833
0 0.109375 0.858333 0.025000 0.062500
0 0.131250 0.837500 0.021875 0.058333
0 0.156250 0.870833 0.040625 0.062500
0 0.043750 0.875000 0.040625 0.058333
0 0.015625 0.916667 0.025000 0.066667
0 0.040625 0.937500 0.028125 0.050000
0 0.271875 0.858333 0.059375 0.079167
0 0.231250 0.912500 0.056250 0.070833
0 0.206250 0.966667 0.056250 0.054167
0 0.171875 0.937500 0.046875 0.045833
0 0.118750 0.945833 0.037500 0.037500
0 0.087500 0.950000 0.046875 0.066667
0 0.106250 0.970833 0.031250 0.054167
0 0.262500 0.933333 0.053125 0.054167
0 0.378125 0.891667 0.037500 0.058333
0 0.318750 0.895833 0.043750 0.054167
0 0.437500 0.908333 0.046875 0.050000
0 0.443750 0.937500 0.093750 0.029167
0 0.381250 0.970833 0.043750 0.054167
0 0.340625 0.979167 0.050000 0.041667
0 0.303125 0.958333 0.056250 0.045833
0 0.568750 0.970833 0.034375 0.045833
0 0.615625 0.966667 0.056250 0.062500
0 0.687500 0.937500 0.046875 0.054167
0 0.728125 0.954167 0.046875 0.066667
0 0.662500 0.979167 0.034375 0.037500
