0 0.187500 0.025000 0.053125 0.054167
0 0.125000 0.058333 0.053125 0.058333
0 0.009375 0.141667 0.021875 0.045833
0 0.062500 0.266667 0.050000 0.054167
0 0.112500 0.216667 0.056250 0.083333
0 0.178125 0.116667 0.075000 0.062500
0 0.256250 0.116667 0.050000 0.037500
0 0.225000 0.183333 0.053125 0.045833
0 0.196875 0.270833 0.059375 0.104167
0 0.134375 0.308333 0.068750 0.062500
0 0.034375 0.400000 0.071875 0.120833
0 0.181250 0.383333 0.053125 0.087500
0 0.115625 0.379167 0.046875 0.070833
0 0.021875 0.475000 0.043750 0.058333
0 0.025000 0.587500 0.050000 0.108333
0 0.121875 0.454167 0.037500 0.041667
0 0.165625 0.512500 0.037500 0.075000
0 0.246875 0.466667 0.062500 0.062500
0 0.306250 0.408333 0.068750 0.070833
0 0.328125 0.325000 0.081250 0.041667
0 0.393750 0.258333 0.068750 0.066667
0 0.384375 0.345833 0.053125 0.075000
0 0.178125 0.620833 0.075000 0.091667
0 0.268750 0.666667 0.087500 0.066667
0 0.321875 0.741667 0.062500 0.087500
0 0.262500 0.833333 0.056250 0.079167
0 0.018750 0.745833 0.037500 0.066667
0 0.093750 0.770833 0.059375 0.045833
0 0.159375 0.783333 0.046875 0.062500
0 0.093750 0.833333 0.056250 0.062500
0 0.128125 0.866667 0.056250 0.075000
0 0.184375 0.870833 0.031250 0.087500
0 0.537500 0.891667 0.065625 0.070833
0 0.646875 0.925000 0.046875 0.066667
0 0.678125 0.970833 0.065625 0.058333
0 0.503125 0.362500 0.053125 0.108333
0 0.490625 0.554167 0.075000 0.100000
0 0.515625 0.595833 0.056250 0.087500
0 0.546875 0.637500 0.053125 0.075000
0 0.625000 0.608333 0.056250 0.050000
0 0.668750 0.512500 0.053125 0.116667
0 0.559375 0.408333 0.043750 0.087500
0 0.546875 0.345833 0.043750 0.079167
0 0.590625 0.350000 0.062500 0.079167
0 0.643750 0.316667 0.062500 0.079167
0 0.678125 0.266667 0.050000 0.075000
0 0.737500 0.412500 0.103125 0.116667
0 0.765625 0.633333 0.040625 0.079167
0 0.700000 0.629167 0.059375 0.062500
0 0.681250 0.733333 0.037500 0.087500
0 0.671875 0.850000 0.071875 0.070833
0 0.715625 0.775000 0.065625 0.100000
0 0.903125 0.641667 0.065625 0.083333
0 0.746875 0.904167 0.043750 0.075000
0 0.768750 0.875000 0.068750 0.075000
0 0.825000 0.837500 0.037500 0.095833
0 0.878125 0.870833 0.068750 0.087500
0 0.903125 0.812500 0.040625 0.087500
0 0.946875 0.866667 0.075000 0.066667
0 0.756250 0.104167 0.065625 0.075000
0 0.771875 0.220833 0.062500 0.054167
0 0.781250 0.350000 0.081250 0.100000
0 0.818750 0.079167 0.068750 0.050000
0 0.881250 0.116667 0.062500 0.054167
0 0.853125 0.166667 0.065625 0.075000
0 0.881250 0.212500 0.046875 0.058333
0 0.921875 0.220833 0.043750 0.079167
0 0.956250 0.191667 0.053125 0.079167
0 0.981250 0.145833 0.037500 0.104167
