0 0.031250 0.654167 0.059375 0.100000
0 0.059375 0.291667 0.031250 0.104167
0 0.031250 0.125000 0.056250 0.083333
0 0.218750 0.483333 0.093750 0.045833
0 0.159375 0.250000 0.056250 0.079167
0 0.259375 0.187500 0.056250 0.066667
0 0.346875 0.187500 0.062500 0.083333
0 0.284375 0.079167 0.059375 0.100000
0 0.443750 0.045833 0.087500 0.095833
0 0.478125 0.154167 0.046875 0.075000
0 0.446875 0.179167 0.037500 0.066667
0 0.490625 0.200000 0.040625 0.075000
0 0.609375 0.091667 0.050000 0.070833
0 0.650000 0.137500 0.053125 0.075000
0 0.693750 0.091667 0.068750 0.087500
0 0.931250 0.112500 0.078125 0.075000
0 0.765625 0.225000 0.078125 0.054167
0 0.687500 0.258333 0.068750 0.045833
0 0.703125 0.337500 0.065625 0.054167
0 0.750000 0.304167 0.050000 0.066667
0 0.381250 0.320833 0.046875 0.050000
0 0.365625 0.350000 0.046875 0.050000
0 0.293750 0.416667 0.068750 0.070833
0 0.278125 0.650000 0.043750 0.050000
0 0.293750 0.762500 0.056250 0.045833
0 0.265625 0.850000 0.056250 0.079167
0 0.362500 0.579167 0.065625 0.070833
0 0.468750 0.562500 0.037500 0.062500
0 0.428125 0.654167 0.028125 0.087500
0 0.465625 0.662500 0.040625 0.112500
0 0.559375 0.558333 0.112500 0.037500
0 0.550000 0.500000 0.056250 0.066667
0 0.606250 0.525000 0.075000 0.062500
0 0.575000 0.591667 0.043750 0.045833
0 0.518750 0.729167 0.031250 0.062500
0 0.568750 0.729167 0.043750 0.045833
0 0.568750 0.787500 0.071875 0.037500
0 0.543750 0.858333 0.037500 0.075000
0 0.515625 0.887500 0.056250 0.062500
0 0.753125 0.550000 0.056250 0.058333
0 0.800000 0.450000 0.056250 0.075000
0 0.956250 0.354167 0.050000 0.054167
0 0.975000 0.541667 0.046875 0.066667
0 0.731250 0.691667 0.050000 0.104167
0 0.700000 0.754167 0.053125 0.029167
0 0.790625 0.800000 0.034375 0.062500
0 0.750000 0.787500 0.046875 0.050000
0 0.709375 0.816667 0.021875 0.095833
0 0.665625 0.837500 0.053125 0.054167
0 0.931250 0.795833 0.071875 0.058333
0 0.931250 0.925000 0.059375 0.050000
0 0.915625 0.970833 0.043750 0.058333
0 0.803125 0.950000 0.065625 0.075000
0 0.634375 0.912500 0.056250 0.062500
0 0.665625 0.933333 0.034375 0.058333
0 0.131250 0.904167 0.093750 0.070833
0 0.156250 0.979167 0.050000 0.033333
