0 0.018750 0.087500 0.040625 0.037500
0 0.056250 0.041667 0.031250 0.054167
0 0.121875 0.050000 0.046875 0.050000
0 0.100000 0.083333 0.037500 0.054167
0 0.100000 0.129167 0.037500 0.070833
0 0.034375 0.129167 0.028125 0.062500
0 0.053125 0.158333 0.028125 0.062500
0 0.062500 0.216667 0.031250 0.079167
0 0.087500 0.233333 0.021875 0.070833
0 0.112500 0.237500 0.046875 0.037500
0 0.109375 0.212500 0.031250 0.050000
0 0.137500 0.170833 0.031250 0.062500
0 0.168750 0.141667 0.040625 0.083333
0 0.184375 0.033333 0.043750 0.062500
0 0.256250 0.016667 0.056250 0.037500
0 0.228125 0.083333 0.043750 0.054167
0 0.275000 0.091667 0.046875 0.058333
0 0.312500 0.075000 0.037500 0.045833
0 0.328125 0.029167 0.050000 0.041667
0 0.396875 0.041667 0.034375 0.050000
0 0.393750 0.091667 0.040625 0.045833
0 0.343750 0.095833 0.046875 0.070833
0 0.293750 0.170833 0.046875 0.037500
0 0.290625 0.216667 0.031250 0.050000
0 0.321875 0.225000 0.025000 0.041667
0 0.206250 0.179167 0.040625 0.058333
0 0.200000 0.237500 0.037500 0.050000
0 0.159375 0.279167 0.025000 0.058333
0 0.121875 0.291667 0.040625 0.054167
0 0.078125 0.308333 0.040625 0.045833
0 0.009375 0.266667 0.021875 0.062500
0 0.025000 0.308333 0.028125 0.058333
0 0.025000 0.358333 0.037500 0.050000
0 0.068750 0.379167 0.053125 0.045833
0 0.040625 0.408333 0.037500 0.045833
0 0.025000 0.437500 0.050000 0.050000
0 0.040625 0.479167 0.056250 0.054167
0 0.090625 0.454167 0.040625 0.062500
0 0.112500 0.375000 0.053125 0.058333
0 0.171875 0.341667 0.056250 0.045833
0 0.184375 0.395833 0.043750 0.058333
0 0.218750 0.287500 0.050000 0.037500
0 0.243750 0.333333 0.043750 0.054167
0 0.287500 0.283333 0.040625 0.045833
0 0.353125 0.275000 0.046875 0.079167
0 0.384375 0.166667 0.043750 0.070833
0 0.434375 0.029167 0.031250 0.058333
0 0.456250 0.070833 0.034375 0.050000
0 0.443750 0.137500 0.037500 0.058333
0 0.475000 0.129167 0.046875 0.045833
0 0.493750 0.079167 0.028125 0.033333
0 0.475000 0.029167 0.037500 0.045833
0 0.506250 0.020833 0.037500 0.045833
0 0.518750 0.095833 0.040625 0.054167
0 0.543750 0.104167 0.034375 0.045833
0 0.559375 0.054167 0.025000 0.037500
0 0.546875 0.020833 0.043750 0.045833
0 0.578125 0.008333 0.050000 0.020833
0 0.587500 0.050000 0.028125 0.062500
0 0.606250 0.041667 0.025000 0.033333
0 0.628125 0.020833 0.034375 0.045833
0 0.646875 0.066667 0.037500 0.045833
0 0.675000 0.045833 0.050000 0.029167
0 0.703125 0.020833 0.037500 0.041667
0 0.737500 0.029167 0.031250 0.058333
0 0.765625 0.079167 0.031250 0.054167
0 0.800000 0.058333 0.034375 0.066667
0 0.728125 0.112500 0.031250 0.050000
0 0.693750 0.075000 0.037500 0.045833
0 0.612500 0.104167 0.025000 0.070833
0 0.637500 0.133333 0.034375 0.037500
0 0.556250 0.137500 0.031250 0.066667
0 0.587500 0.137500 0.025000 0.062500
0 0.606250 0.183333 0.037500 0.041667
0 0.556250 0.195833 0.031250 0.041667
0 0.565625 0.229167 0.043750 0.041667
0 0.462500 0.170833 0.078125 0.033333
0 0.428125 0.212500 0.043750 0.058333
0 0.456250 0.212500 0.037500 0.062500
0 0.503125 0.233333 0.053125 0.037500
0 0.421875 0.258333 0.056250 0.050000
0 0.415625 0.312500 0.034375 0.058333
0 0.375000 0.362500 0.028125 0.062500
0 0.328125 0.341667 0.050000 0.062500
0 0.300000 0.375000 0.062500 0.037500
0 0.259375 0.391667 0.037500 0.045833
0 0.231250 0.429167 0.043750 0.041667
0 0.156250 0.441667 0.025000 0.066667
0 0.128125 0.454167 0.031250 0.104167
0 0.143750 0.508333 0.031250 0.058333
0 0.040625 0.525000 0.037500 0.058333
0 0.018750 0.583333 0.040625 0.066667
0 0.068750 0.587500 0.040625 0.050000
0 0.109375 0.550000 0.031250 0.066667
0 0.115625 0.600000 0.037500 0.066667
0 0.184375 0.483333 0.034375 0.045833
0 0.212500 0.495833 0.034375 0.050000
0 0.175000 0.516667 0.034375 0.066667
0 0.165625 0.562500 0.037500 0.041667
0 0.156250 0.600000 0.034375 0.062500
0 0.131250 0.625000 0.028125 0.058333
0 0.103125 0.666667 0.043750 0.054167
0 0.056250 0.645833 0.034375 0.062500
0 0.012500 0.675000 0.028125 0.066667
0 0.065625 0.708333 0.028125 0.041667
0 0.112500 0.737500 0.037500 0.062500
0 0.115625 0.783333 0.065625 0.050000
0 0.034375 0.783333 0.037500 0.066667
0 0.181250 0.762500 0.046875 0.041667
0 0.153125 0.725000 0.053125 0.037500
0 0.156250 0.691667 0.034375 0.045833
0 0.175000 0.666667 0.043750 0.045833
0 0.221875 0.658333 0.043750 0.045833
0 0.228125 0.616667 0.043750 0.037500
0 0.209375 0.554167 0.034375 0.041667
0 0.237500 0.566667 0.031250 0.041667
0 0.253125 0.504167 0.046875 0.054167
0 0.296875 0.420833 0.053125 0.050000
0 0.318750 0.483333 0.034375 0.050000
0 0.312500 0.458333 0.062500 0.070833
0 0.293750 0.533333 0.053125 0.041667
0 0.337500 0.537500 0.031250 0.045833
0 0.293750 0.566667 0.068750 0.041667
0 0.334375 0.608333 0.034375 0.058333
0 0.303125 0.608333 0.021875 0.066667
0 0.284375 0.616667 0.018750 0.066667
0 0.262500 0.650000 0.034375 0.041667
0 0.296875 0.691667 0.037500 0.045833
0 0.334375 0.662500 0.034375 0.041667
0 0.362500 0.616667 0.031250 0.045833
0 0.400000 0.604167 0.037500 0.054167
0 0.431250 0.554167 0.037500 0.062500
0 0.400000 0.466667 0.043750 0.058333
0 0.418750 0.441667 0.043750 0.045833
0 0.443750 0.408333 0.062500 0.037500
0 0.434375 0.370833 0.040625 0.050000
0 0.475000 0.320833 0.031250 0.087500
0 0.496875 0.291667 0.028125 0.070833
0 0.537500 0.270833 0.043750 0.045833
0 0.531250 0.316667 0.037500 0.066667
0 0.565625 0.345833 0.046875 0.041667
0 0.565625 0.295833 0.031250 0.050000
0 0.612500 0.241667 0.037500 0.037500
0 0.625000 0.266667 0.043750 0.037500
0 0.659375 0.166667 0.028125 0.045833
0 0.703125 0.166667 0.031250 0.058333
0 0.675000 0.204167 0.037500 0.054167
0 0.696875 0.212500 0.025000 0.066667
0 0.718750 0.216667 0.031250 0.075000
0 0.740625 0.208333 0.021875 0.125000
0 0.759375 0.208333 0.031250 0.108333
0 0.453125 0.470833 0.034375 0.066667
0 0.496875 0.504167 0.034375 0.083333
0 0.550000 0.404167 0.050000 0.050000
0 0.615625 0.308333 0.046875 0.045833
0 0.609375 0.345833 0.053125 0.045833
0 0.618750 0.391667 0.034375 0.062500
0 0.640625 0.387500 0.034375 0.062500
0 0.637500 0.345833 0.031250 0.050000
0 0.668750 0.266667 0.037500 0.066667
0 0.656250 0.308333 0.037500 0.050000
0 0.693750 0.262500 0.031250 0.050000
0 0.700000 0.316667 0.021875 0.075000
0 0.737500 0.304167 0.034375 0.058333
0 0.731250 0.345833 0.053125 0.045833
0 0.721875 0.395833 0.028125 0.058333
0 0.684375 0.362500 0.021875 0.066667
0 0.678125 0.441667 0.037500 0.091667
0 0.712500 0.450000 0.037500 0.058333
0 0.753125 0.400000 0.031250 0.070833
0 0.778125 0.375000 0.034375 0.058333
0 0.796875 0.316667 0.031250 0.050000
0 0.803125 0.254167 0.050000 0.029167
0 0.809375 0.208333 0.059375 0.041667
0 0.834375 0.170833 0.068750 0.033333
0 0.821875 0.129167 0.037500 0.045833
0 0.840625 0.095833 0.037500 0.033333
0 0.859375 0.062500 0.046875 0.033333
0 0.850000 0.029167 0.028125 0.050000
0 0.890625 0.016667 0.040625 0.037500
0 0.940625 0.033333 0.034375 0.050000
0 0.887500 0.045833 0.034375 0.045833
0 0.940625 0.087500 0.031250 0.054167
0 0.884375 0.083333 0.050000 0.054167
0 0.878125 0.129167 0.021875 0.066667
0 0.906250 0.129167 0.021875 0.066667
0 0.978125 0.066667 0.034375 0.112500
0 0.981250 0.025000 0.034375 0.041667
0 0.953125 0.129167 0.031250 0.062500
0 0.900000 0.220833 0.034375 0.066667
0 0.931250 0.166667 0.037500 0.062500
0 0.928125 0.245833 0.028125 0.087500
0 0.890625 0.245833 0.031250 0.054167
0 0.903125 0.283333 0.046875 0.075000
0 0.881250 0.312500 0.028125 0.070833
0 0.831250 0.304167 0.031250 0.066667
0 0.906250 0.400000 0.034375 0.066667
0 0.878125 0.420833 0.034375 0.104167
0 0.856250 0.454167 0.034375 0.075000
0 0.850000 0.395833 0.037500 0.058333
0 0.834375 0.475000 0.028125 0.058333
0 0.800000 0.454167 0.040625 0.045833
0 0.768750 0.462500 0.031250 0.070833
0 0.737500 0.487500 0.031250 0.054167
0 0.756250 0.533333 0.053125 0.050000
0 0.696875 0.525000 0.031250 0.050000
0 0.618750 0.458333 0.034375 0.062500
0 0.646875 0.491667 0.034375 0.091667
0 0.665625 0.550000 0.043750 0.066667
0 0.928125 0.337500 0.034375 0.058333
0 0.956250 0.308333 0.043750 0.058333
0 0.975000 0.254167 0.050000 0.058333
0 0.984375 0.175000 0.025000 0.045833
0 0.971875 0.370833 0.025000 0.100000
0 0.931250 0.495833 0.028125 0.050000
0 0.956250 0.483333 0.028125 0.070833
0 0.981250 0.479167 0.034375 0.070833
0 0.981250 0.670833 0.034375 0.050000
0 0.981250 0.766667 0.034375 0.054167
0 0.953125 0.779167 0.046875 0.033333
0 0.937500 0.754167 0.034375 0.045833
0 0.903125 0.779167 0.037500 0.045833
0 0.903125 0.733333 0.043750 0.033333
0 0.900000 0.700000 0.043750 0.050000
0 0.900000 0.645833 0.043750 0.058333
0 0.943750 0.629167 0.034375 0.041667
0 0.925000 0.595833 0.034375 0.050000
0 0.971875 0.591667 0.040625 0.050000
0 0.975000 0.537500 0.046875 0.062500
0 0.925000 0.558333 0.053125 0.045833
0 0.868750 0.591667 0.034375 0.037500
0 0.853125 0.554167 0.046875 0.083333
0 0.803125 0.566667 0.037500 0.062500
0 0.821875 0.633333 0.046875 0.050000
0 0.715625 0.583333 0.046875 0.054167
0 0.759375 0.591667 0.040625 0.045833
0 0.768750 0.650000 0.037500 0.083333
0 0.987500 0.966667 0.025000 0.050000
0 0.975000 0.933333 0.034375 0.050000
0 0.940625 0.937500 0.031250 0.062500
0 0.893750 0.925000 0.028125 0.062500
0 0.940625 0.883333 0.043750 0.033333
0 0.981250 0.862500 0.034375 0.058333
0 0.946875 0.816667 0.037500 0.045833
0 0.912500 0.825000 0.034375 0.054167
0 0.868750 0.829167 0.065625 0.054167
0 0.871875 0.862500 0.046875 0.041667
0 0.831250 0.887500 0.034375 0.037500
0 0.840625 0.916667 0.059375 0.054167
0 0.784375 0.920833 0.040625 0.029167
0 0.825000 0.708333 0.028125 0.083333
0 0.800000 0.750000 0.037500 0.066667
0 0.790625 0.691667 0.043750 0.066667
0 0.728125 0.658333 0.040625 0.058333
0 0.728125 0.695833 0.056250 0.050000
0 0.731250 0.750000 0.043750 0.041667
0 0.662500 0.654167 0.037500 0.045833
0 0.621875 0.595833 0.031250 0.062500
0 0.578125 0.512500 0.053125 0.045833
0 0.556250 0.541667 0.037500 0.050000
0 0.512500 0.591667 0.028125 0.062500
0 0.565625 0.608333 0.034375 0.050000
0 0.593750 0.654167 0.034375 0.045833
0 0.531250 0.645833 0.034375 0.054167
0 0.540625 0.695833 0.034375 0.066667
0 0.503125 0.687500 0.021875 0.062500
0 0.437500 0.658333 0.040625 0.045833
0 0.393750 0.662500 0.043750 0.066667
0 0.365625 0.712500 0.037500 0.058333
0 0.421875 0.712500 0.043750 0.062500
0 0.481250 0.750000 0.046875 0.050000
0 0.459375 0.795833 0.031250 0.050000
0 0.490625 0.804167 0.034375 0.062500
0 0.512500 0.825000 0.031250 0.054167
0 0.550000 0.829167 0.034375 0.058333
0 0.534375 0.758333 0.037500 0.045833
0 0.571875 0.737500 0.034375 0.079167
0 0.603125 0.745833 0.034375 0.083333
0 0.653125 0.720833 0.034375 0.070833
0 0.634375 0.783333 0.040625 0.050000
0 0.600000 0.812500 0.031250 0.045833
0 0.625000 0.845833 0.028125 0.045833
0 0.650000 0.812500 0.034375 0.033333
0 0.671875 0.820833 0.025000 0.054167
0 0.681250 0.791667 0.050000 0.070833
0 0.753125 0.820833 0.037500 0.054167
0 0.784375 0.816667 0.043750 0.050000
0 0.815625 0.808333 0.040625 0.058333
0 0.762500 0.870833 0.059375 0.045833
0 0.718750 0.850000 0.034375 0.066667
0 0.693750 0.904167 0.046875 0.050000
0 0.653125 0.925000 0.037500 0.045833
0 0.637500 0.883333 0.056250 0.045833
0 0.596875 0.908333 0.043750 0.062500
0 0.821875 0.979167 0.050000 0.033333
0 0.790625 0.954167 0.034375 0.050000
0 0.743750 0.950000 0.034375 0.054167
0 0.700000 0.954167 0.037500 0.066667
0 0.656250 0.979167 0.031250 0.037500
0 0.575000 0.975000 0.043750 0.041667
0 0.534375 0.979167 0.037500 0.033333
0 0.506250 0.954167 0.028125 0.062500
0 0.453125 0.875000 0.037500 0.062500
0 0.412500 0.775000 0.021875 0.054167
0 0.334375 0.712500 0.034375 0.062500
0 0.325000 0.754167 0.034375 0.054167
0 0.362500 0.775000 0.025000 0.050000
0 0.250000 0.704167 0.046875 0.062500
0 0.253125 0.762500 0.043750 0.058333
0 0.275000 0.779167 0.037500 0.062500
0 0.293750 0.804167 0.031250 0.054167
0 0.315625 0.808333 0.034375 0.058333
0 0.340625 0.829167 0.034375 0.062500
0 0.384375 0.837500 0.028125 0.062500
0 0.400000 0.883333 0.037500 0.062500
0 0.362500 0.900000 0.031250 0.079167
0 0.337500 0.879167 0.040625 0.045833
0 0.284375 0.837500 0.028125 0.050000
0 0.293750 0.879167 0.025000 0.058333
0 0.218750 0.795833 0.043750 0.050000
0 0.225000 0.825000 0.050000 0.037500
0 0.212500 0.866667 0.050000 0.050000
0 0.243750 0.883333 0.046875 0.041667
0 0.268750 0.929167 0.046875 0.037500
0 0.165625 0.854167 0.037500 0.050000
0 0.131250 0.841667 0.034375 0.045833
0 0.106250 0.904167 0.034375 0.054167
0 0.053125 0.883333 0.028125 0.054167
0 0.015625 0.916667 0.034375 0.062500
0 0.062500 0.937500 0.040625 0.041667
0 0.134375 0.979167 0.034375 0.037500
0 0.171875 0.975000 0.053125 0.045833
0 0.212500 0.958333 0.028125 0.050000
0 0.318750 0.916667 0.025000 0.058333
0 0.318750 0.962500 0.028125 0.058333
0 0.362500 0.966667 0.025000 0.037500
0 0.396875 0.945833 0.037500 0.037500
0 0.437500 0.954167 0.037500 0.050000
