0 0.981250 0.741667 0.031250 0.045833
0 0.931250 0.045833 0.034375 0.079167
0 0.865625 0.033333 0.043750 0.041667
0 0.740625 0.020833 0.031250 0.045833
0 0.768750 0.062500 0.037500 0.054167
0 0.728125 0.154167 0.037500 0.104167
0 0.665625 0.104167 0.034375 0.066667
0 0.640625 0.145833 0.034375 0.050000
0 0.578125 0.183333 0.025000 0.083333
0 0.603125 0.200000 0.031250 0.066667
0 0.637500 0.200000 0.031250 0.075000
0 0.656250 0.225000 0.031250 0.075000
0 0.700000 0.258333 0.046875 0.062500
0 0.740625 0.283333 0.021875 0.075000
0 0.759375 0.304167 0.031250 0.091667
0 0.809375 0.325000 0.056250 0.045833
0 0.793750 0.287500 0.037500 0.054167
0 0.790625 0.162500 0.034375 0.045833
0 0.818750 0.116667 0.040625 0.058333
0 0.853125 0.066667 0.046875 0.054167
0 0.850000 0.116667 0.040625 0.062500
0 0.900000 0.095833 0.056250 0.054167
0 0.965625 0.079167 0.037500 0.083333
0 0.978125 0.145833 0.040625 0.041667
0 0.900000 0.133333 0.053125 0.037500
0 0.890625 0.162500 0.053125 0.054167
0 0.887500 0.200000 0.028125 0.050000
0 0.837500 0.187500 0.037500 0.050000
0 0.925000 0.200000 0.034375 0.041667
0 0.965625 0.187500 0.028125 0.054167
0 0.987500 0.212500 0.028125 0.054167
0 0.981250 0.695833 0.031250 0.041667
0 0.987500 0.795833 0.025000 0.045833
0 0.950000 0.804167 0.040625 0.037500
0 0.943750 0.712500 0.040625 0.058333
0 0.984375 0.333333 0.028125 0.058333
0 0.962500 0.258333 0.028125 0.075000
0 0.937500 0.308333 0.037500 0.058333
0 0.909375 0.279167 0.053125 0.045833
0 0.884375 0.245833 0.046875 0.041667
0 0.840625 0.295833 0.034375 0.037500
0 0.878125 0.333333 0.043750 0.058333
0 0.931250 0.387500 0.028125 0.062500
0 0.962500 0.420833 0.028125 0.070833
0 0.990625 0.445833 0.018750 0.079167
0 0.978125 0.629167 0.034375 0.066667
0 0.968750 0.508333 0.025000 0.054167
0 0.946875 0.550000 0.034375 0.037500
0 0.950000 0.633333 0.037500 0.062500
0 0.906250 0.625000 0.025000 0.054167
0 0.918750 0.483333 0.025000 0.058333
0 0.884375 0.483333 0.037500 0.050000
0 0.850000 0.454167 0.031250 0.054167
0 0.843750 0.412500 0.053125 0.062500
0 0.812500 0.416667 0.021875 0.054167
0 0.800000 0.375000 0.059375 0.041667
0 0.756250 0.437500 0.043750 0.037500
0 0.746875 0.520833 0.031250 0.050000
0 0.784375 0.533333 0.031250 0.045833
0 0.806250 0.516667 0.028125 0.054167
0 0.850000 0.508333 0.040625 0.062500
0 0.887500 0.554167 0.040625 0.037500
0 0.868750 0.629167 0.043750 0.033333
0 0.881250 0.675000 0.043750 0.037500
0 0.925000 0.683333 0.031250 0.058333
0 0.890625 0.750000 0.028125 0.062500
0 0.862500 0.700000 0.043750 0.050000
0 0.846875 0.733333 0.040625 0.050000
0 0.856250 0.804167 0.028125 0.041667
0 0.806250 0.770833 0.034375 0.045833
0 0.809375 0.695833 0.034375 0.058333
0 0.787500 0.620833 0.028125 0.058333
0 0.828125 0.595833 0.037500 0.062500
0 0.740625 0.637500 0.034375 0.050000
0 0.771875 0.679167 0.037500 0.075000
0 0.721875 0.695833 0.034375 0.025000
0 0.721875 0.720833 0.040625 0.041667
0 0.743750 0.770833 0.056250 0.058333
0 0.678125 0.675000 0.025000 0.066667
0 0.696875 0.595833 0.034375 0.050000
0 0.678125 0.495833 0.037500 0.037500
0 0.700000 0.341667 0.034375 0.058333
0 0.634375 0.312500 0.043750 0.045833
0 0.556250 0.279167 0.028125 0.045833
0 0.590625 0.258333 0.028125 0.045833
0 0.540625 0.200000 0.040625 0.058333
0 0.556250 0.166667 0.043750 0.045833
0 0.571875 0.091667 0.043750 0.050000
0 0.628125 0.075000 0.031250 0.033333
0 0.618750 0.029167 0.037500 0.058333
0 0.634375 0.016667 0.031250 0.037500
0 0.525000 0.037500 0.040625 0.050000
0 0.562500 0.062500 0.034375 0.037500
0 0.553125 0.008333 0.025000 0.025000
0 0.081250 0.012500 0.034375 0.029167
0 0.015625 0.016667 0.034375 0.037500
0 0.443750 0.008333 0.046875 0.012500
0 0.375000 0.008333 0.031250 0.025000
0 0.431250 0.037500 0.043750 0.045833
0 0.462500 0.054167 0.028125 0.054167
0 0.465625 0.091667 0.031250 0.045833
0 0.431250 0.112500 0.037500 0.037500
0 0.396875 0.104167 0.021875 0.054167
0 0.365625 0.112500 0.021875 0.062500
0 0.334375 0.095833 0.031250 0.033333
0 0.343750 0.045833 0.028125 0.045833
0 0.315625 0.062500 0.028125 0.050000
0 0.290625 0.095833 0.028125 0.050000
0 0.503125 0.158333 0.037500 0.062500
0 0.456250 0.158333 0.046875 0.058333
0 0.456250 0.220833 0.037500 0.058333
0 0.396875 0.166667 0.059375 0.050000
0 0.396875 0.195833 0.037500 0.041667
0 0.331250 0.195833 0.037500 0.066667
0 0.290625 0.012500 0.043750 0.033333
0 0.253125 0.029167 0.021875 0.058333
0 0.268750 0.041667 0.018750 0.087500
0 0.190625 0.025000 0.025000 0.041667
0 0.150000 0.045833 0.025000 0.066667
0 0.165625 0.079167 0.018750 0.066667
0 0.150000 0.112500 0.031250 0.066667
0 0.115625 0.062500 0.028125 0.033333
0 0.093750 0.095833 0.028125 0.045833
0 0.075000 0.075000 0.034375 0.050000
0 0.021875 0.083333 0.043750 0.062500
0 0.228125 0.120833 0.034375 0.050000
0 0.221875 0.175000 0.040625 0.062500
0 0.184375 0.141667 0.040625 0.054167
0 0.168750 0.191667 0.040625 0.058333
0 0.140625 0.187500 0.046875 0.058333
0 0.093750 0.187500 0.025000 0.062500
0 0.018750 0.158333 0.040625 0.062500
0 0.028125 0.208333 0.040625 0.050000
0 0.062500 0.254167 0.050000 0.058333
0 0.078125 0.229167 0.046875 0.037500
0 0.053125 0.287500 0.031250 0.045833
0 0.246875 0.208333 0.031250 0.045833
0 0.284375 0.220833 0.031250 0.066667
0 0.309375 0.275000 0.043750 0.050000
0 0.381250 0.241667 0.031250 0.041667
0 0.446875 0.270833 0.034375 0.045833
0 0.500000 0.266667 0.028125 0.045833
0 0.581250 0.291667 0.025000 0.054167
0 0.600000 0.354167 0.034375 0.066667
0 0.562500 0.366667 0.031250 0.058333
0 0.528125 0.379167 0.025000 0.045833
0 0.521875 0.316667 0.040625 0.045833
0 0.487500 0.295833 0.034375 0.054167
0 0.612500 0.404167 0.031250 0.058333
0 0.646875 0.470833 0.025000 0.050000
0 0.625000 0.512500 0.031250 0.045833
0 0.575000 0.450000 0.031250 0.045833
0 0.459375 0.316667 0.025000 0.058333
0 0.387500 0.295833 0.037500 0.050000
0 0.415625 0.320833 0.031250 0.054167
0 0.478125 0.375000 0.034375 0.041667
0 0.446875 0.370833 0.031250 0.045833
0 0.412500 0.379167 0.034375 0.050000
0 0.365625 0.362500 0.031250 0.058333
0 0.168750 0.262500 0.043750 0.041667
0 0.150000 0.304167 0.037500 0.058333
0 0.134375 0.329167 0.028125 0.075000
0 0.106250 0.341667 0.034375 0.045833
0 0.087500 0.366667 0.031250 0.050000
0 0.046875 0.366667 0.031250 0.041667
0 0.012500 0.375000 0.028125 0.054167
0 0.068750 0.420833 0.043750 0.045833
0 0.068750 0.475000 0.025000 0.045833
0 0.215625 0.245833 0.040625 0.062500
0 0.250000 0.337500 0.025000 0.045833
0 0.281250 0.354167 0.034375 0.079167
0 0.312500 0.366667 0.031250 0.050000
0 0.325000 0.416667 0.043750 0.054167
0 0.212500 0.379167 0.037500 0.070833
0 0.178125 0.366667 0.031250 0.045833
0 0.162500 0.412500 0.025000 0.041667
0 0.131250 0.429167 0.034375 0.070833
0 0.103125 0.429167 0.028125 0.050000
0 0.468750 0.420833 0.037500 0.033333
0 0.381250 0.425000 0.043750 0.045833
0 0.359375 0.470833 0.037500 0.037500
0 0.412500 0.508333 0.050000 0.066667
0 0.490625 0.479167 0.046875 0.033333
0 0.506250 0.462500 0.021875 0.054167
0 0.534375 0.470833 0.034375 0.070833
0 0.553125 0.558333 0.034375 0.045833
0 0.600000 0.570833 0.031250 0.045833
0 0.653125 0.562500 0.037500 0.045833
0 0.662500 0.625000 0.031250 0.037500
0 0.634375 0.641667 0.040625 0.041667
0 0.587500 0.658333 0.034375 0.050000
0 0.609375 0.679167 0.037500 0.041667
0 0.650000 0.691667 0.028125 0.058333
0 0.615625 0.754167 0.037500 0.037500
0 0.565625 0.770833 0.040625 0.050000
0 0.603125 0.800000 0.040625 0.045833
0 0.662500 0.775000 0.034375 0.045833
0 0.659375 0.837500 0.046875 0.054167
0 0.531250 0.833333 0.040625 0.050000
0 0.556250 0.862500 0.050000 0.075000
0 0.562500 0.900000 0.043750 0.054167
0 0.618750 0.929167 0.034375 0.050000
0 0.643750 0.966667 0.034375 0.062500
0 0.681250 0.962500 0.040625 0.070833
0 0.653125 0.912500 0.034375 0.054167
0 0.681250 0.870833 0.028125 0.062500
0 0.718750 0.825000 0.034375 0.070833
0 0.728125 0.870833 0.046875 0.045833
0 0.762500 0.850000 0.031250 0.045833
0 0.825000 0.850000 0.046875 0.054167
0 0.790625 0.879167 0.040625 0.054167
0 0.868750 0.870833 0.031250 0.058333
0 0.815625 0.912500 0.037500 0.050000
0 0.759375 0.929167 0.037500 0.050000
0 0.721875 0.937500 0.040625 0.058333
0 0.818750 0.962500 0.053125 0.041667
0 0.859375 0.929167 0.034375 0.050000
0 0.759375 0.979167 0.034375 0.033333
0 0.568750 0.975000 0.040625 0.050000
0 0.484375 0.954167 0.050000 0.062500
0 0.490625 0.883333 0.040625 0.054167
0 0.456250 0.850000 0.050000 0.041667
0 0.453125 0.800000 0.040625 0.062500
0 0.475000 0.754167 0.040625 0.062500
0 0.503125 0.725000 0.031250 0.087500
0 0.540625 0.737500 0.040625 0.075000
0 0.556250 0.629167 0.043750 0.050000
0 0.525000 0.575000 0.031250 0.054167
0 0.503125 0.529167 0.056250 0.029167
0 0.481250 0.575000 0.040625 0.058333
0 0.456250 0.579167 0.034375 0.045833
0 0.356250 0.979167 0.037500 0.033333
0 0.390625 0.929167 0.037500 0.066667
0 0.434375 0.891667 0.053125 0.083333
0 0.406250 0.812500 0.040625 0.058333
0 0.378125 0.779167 0.034375 0.058333
0 0.462500 0.729167 0.037500 0.050000
0 0.481250 0.675000 0.028125 0.062500
0 0.512500 0.654167 0.037500 0.054167
0 0.450000 0.654167 0.046875 0.050000
0 0.440625 0.691667 0.031250 0.054167
0 0.400000 0.704167 0.031250 0.041667
0 0.396875 0.645833 0.034375 0.058333
0 0.381250 0.562500 0.053125 0.045833
0 0.375000 0.587500 0.046875 0.050000
0 0.371875 0.629167 0.034375 0.058333
0 0.331250 0.600000 0.031250 0.054167
0 0.334375 0.537500 0.037500 0.054167
0 0.271875 0.520833 0.034375 0.045833
0 0.271875 0.458333 0.046875 0.054167
0 0.209375 0.475000 0.043750 0.062500
0 0.143750 0.491667 0.043750 0.045833
0 0.009375 0.550000 0.021875 0.050000
0 0.040625 0.608333 0.040625 0.041667
0 0.087500 0.570833 0.034375 0.050000
0 0.153125 0.554167 0.053125 0.050000
0 0.203125 0.541667 0.043750 0.041667
0 0.296875 0.629167 0.031250 0.070833
0 0.321875 0.733333 0.025000 0.058333
0 0.268750 0.745833 0.031250 0.058333
0 0.246875 0.712500 0.028125 0.029167
0 0.253125 0.675000 0.037500 0.058333
0 0.225000 0.654167 0.034375 0.083333
0 0.196875 0.654167 0.037500 0.079167
0 0.106250 0.625000 0.031250 0.066667
0 0.162500 0.612500 0.043750 0.058333
0 0.059375 0.662500 0.037500 0.041667
0 0.028125 0.683333 0.037500 0.041667
0 0.059375 0.704167 0.037500 0.062500
0 0.090625 0.704167 0.037500 0.045833
0 0.137500 0.720833 0.034375 0.054167
0 0.165625 0.683333 0.046875 0.058333
0 0.021875 0.737500 0.046875 0.050000
0 0.021875 0.791667 0.043750 0.058333
0 0.090625 0.779167 0.040625 0.045833
0 0.131250 0.770833 0.043750 0.054167
0 0.259375 0.833333 0.043750 0.041667
0 0.287500 0.841667 0.034375 0.075000
0 0.309375 0.804167 0.040625 0.033333
0 0.321875 0.837500 0.034375 0.045833
0 0.353125 0.816667 0.025000 0.070833
0 0.368750 0.866667 0.031250 0.058333
0 0.328125 0.895833 0.046875 0.066667
0 0.306250 0.945833 0.043750 0.079167
0 0.250000 0.904167 0.037500 0.062500
0 0.165625 0.862500 0.043750 0.041667
0 0.131250 0.879167 0.046875 0.037500
0 0.078125 0.829167 0.040625 0.058333
0 0.031250 0.837500 0.043750 0.050000
0 0.025000 0.879167 0.050000 0.045833
0 0.009375 0.916667 0.021875 0.062500
0 0.081250 0.891667 0.056250 0.070833
0 0.137500 0.929167 0.053125 0.050000
0 0.178125 0.925000 0.046875 0.062500
0 0.212500 0.962500 0.018750 0.066667
0 0.240625 0.983333 0.034375 0.033333
0 0.184375 0.979167 0.043750 0.037500
0 0.121875 0.975000 0.040625 0.045833
0 0.093750 0.970833 0.037500 0.054167
0 0.062500 0.970833 0.037500 0.050000
0 0.984375 0.854167 0.028125 0.058333
0 0.909375 0.854167 0.021875 0.087500
0 0.946875 0.879167 0.037500 0.045833
0 0.937500 0.920833 0.028125 0.041667
0 0.925000 0.975000 0.018750 0.050000
0 0.956250 0.979167 0.025000 0.037500
0 0.984375 0.983333 0.028125 0.029167
