0 0.868750 0.029167 0.034375 0.066667
0 0.934375 0.025000 0.046875 0.058333
0 0.984375 0.033333 0.025000 0.070833
0 0.971875 0.104167 0.043750 0.054167
0 0.956250 0.187500 0.028125 0.037500
0 0.975000 0.266667 0.043750 0.062500
0 0.981250 0.683333 0.037500 0.033333
0 0.946875 0.733333 0.040625 0.041667
0 0.984375 0.804167 0.028125 0.033333
0 0.965625 0.833333 0.034375 0.025000
0 0.937500 0.850000 0.043750 0.054167
0 0.893750 0.841667 0.031250 0.054167
0 0.871875 0.879167 0.050000 0.045833
0 0.881250 0.754167 0.031250 0.045833
0 0.906250 0.670833 0.028125 0.062500
0 0.918750 0.950000 0.040625 0.045833
0 0.928125 0.895833 0.053125 0.037500
0 0.956250 0.929167 0.043750 0.058333
0 0.843750 0.504167 0.028125 0.058333
0 0.909375 0.512500 0.034375 0.083333
0 0.978125 0.504167 0.040625 0.050000
0 0.981250 0.454167 0.034375 0.062500
0 0.981250 0.370833 0.034375 0.058333
0 0.962500 0.395833 0.021875 0.045833
0 0.937500 0.404167 0.025000 0.045833
0 0.928125 0.379167 0.034375 0.045833
0 0.906250 0.375000 0.034375 0.050000
0 0.878125 0.404167 0.037500 0.066667
0 0.843750 0.337500 0.025000 0.058333
0 0.865625 0.295833 0.028125 0.075000
0 0.903125 0.329167 0.040625 0.037500
0 0.934375 0.262500 0.034375 0.054167
0 0.906250 0.195833 0.043750 0.058333
0 0.846875 0.183333 0.043750 0.045833
0 0.859375 0.137500 0.043750 0.033333
0 0.809375 0.079167 0.053125 0.045833
0 0.803125 0.025000 0.037500 0.054167
0 0.750000 0.029167 0.037500 0.050000
0 0.731250 0.079167 0.040625 0.054167
0 0.681250 0.016667 0.040625 0.037500
0 0.656250 0.062500 0.037500 0.050000
0 0.703125 0.066667 0.028125 0.058333
0 0.778125 0.100000 0.043750 0.054167
0 0.793750 0.162500 0.025000 0.050000
0 0.778125 0.179167 0.050000 0.058333
0 0.793750 0.250000 0.028125 0.062500
0 0.756250 0.254167 0.040625 0.050000
0 0.728125 0.300000 0.034375 0.045833
0 0.800000 0.304167 0.050000 0.037500
0 0.762500 0.341667 0.034375 0.058333
0 0.725000 0.375000 0.034375 0.037500
0 0.718750 0.441667 0.037500 0.045833
0 0.775000 0.512500 0.050000 0.041667
0 0.696875 0.487500 0.040625 0.050000
0 0.659375 0.508333 0.050000 0.037500
0 0.659375 0.541667 0.040625 0.045833
0 0.706250 0.558333 0.025000 0.033333
0 0.681250 0.570833 0.034375 0.041667
0 0.675000 0.620833 0.028125 0.070833
0 0.696875 0.604167 0.025000 0.025000
0 0.706250 0.625000 0.021875 0.066667
0 0.737500 0.616667 0.031250 0.087500
0 0.768750 0.645833 0.028125 0.045833
0 0.759375 0.725000 0.034375 0.054167
0 0.778125 0.775000 0.025000 0.066667
0 0.800000 0.762500 0.050000 0.054167
0 0.828125 0.779167 0.050000 0.045833
0 0.800000 0.895833 0.040625 0.045833
0 0.756250 0.933333 0.034375 0.050000
0 0.712500 0.929167 0.025000 0.045833
0 0.746875 0.870833 0.037500 0.033333
0 0.768750 0.812500 0.046875 0.050000
0 0.718750 0.812500 0.028125 0.070833
0 0.009375 0.108333 0.018750 0.070833
0 0.025000 0.083333 0.040625 0.062500
0 0.046875 0.112500 0.028125 0.070833
0 0.028125 0.037500 0.040625 0.062500
0 0.128125 0.020833 0.050000 0.045833
0 0.137500 0.050000 0.037500 0.054167
0 0.190625 0.045833 0.043750 0.037500
0 0.118750 0.087500 0.043750 0.041667
0 0.184375 0.108333 0.034375 0.041667
0 0.200000 0.133333 0.040625 0.058333
0 0.212500 0.162500 0.015625 0.054167
0 0.253125 0.150000 0.025000 0.054167
0 0.300000 0.191667 0.037500 0.045833
0 0.346875 0.162500 0.037500 0.033333
0 0.353125 0.216667 0.040625 0.037500
0 0.403125 0.183333 0.040625 0.054167
0 0.396875 0.250000 0.040625 0.050000
0 0.443750 0.291667 0.040625 0.058333
0 0.475000 0.233333 0.031250 0.058333
0 0.515625 0.204167 0.028125 0.058333
0 0.550000 0.187500 0.046875 0.054167
0 0.593750 0.162500 0.056250 0.037500
0 0.590625 0.137500 0.059375 0.033333
0 0.590625 0.108333 0.056250 0.029167
0 0.659375 0.120833 0.034375 0.058333
0 0.650000 0.204167 0.040625 0.054167
0 0.600000 0.025000 0.043750 0.037500
0 0.590625 0.066667 0.068750 0.029167
0 0.415625 0.016667 0.040625 0.037500
0 0.496875 0.016667 0.031250 0.041667
0 0.453125 0.033333 0.046875 0.062500
0 0.484375 0.120833 0.034375 0.062500
0 0.440625 0.125000 0.034375 0.054167
0 0.406250 0.120833 0.046875 0.058333
0 0.384375 0.070833 0.050000 0.041667
0 0.375000 0.029167 0.043750 0.054167
0 0.353125 0.012500 0.046875 0.025000
0 0.256250 0.025000 0.053125 0.041667
0 0.262500 0.066667 0.040625 0.058333
0 0.290625 0.041667 0.031250 0.054167
0 0.321875 0.066667 0.043750 0.066667
0 0.356250 0.112500 0.040625 0.066667
0 0.284375 0.112500 0.046875 0.045833
0 0.334375 0.258333 0.034375 0.050000
0 0.306250 0.379167 0.031250 0.041667
0 0.312500 0.437500 0.034375 0.050000
0 0.321875 0.487500 0.046875 0.045833
0 0.303125 0.525000 0.043750 0.045833
0 0.281250 0.587500 0.031250 0.041667
0 0.328125 0.583333 0.021875 0.037500
0 0.334375 0.654167 0.031250 0.058333
0 0.375000 0.620833 0.050000 0.054167
0 0.278125 0.691667 0.046875 0.045833
0 0.325000 0.737500 0.056250 0.041667
0 0.396875 0.716667 0.034375 0.050000
0 0.425000 0.729167 0.037500 0.058333
0 0.387500 0.837500 0.046875 0.045833
0 0.318750 0.808333 0.043750 0.054167
0 0.334375 0.866667 0.043750 0.054167
0 0.287500 0.850000 0.025000 0.054167
0 0.268750 0.812500 0.068750 0.041667
0 0.243750 0.758333 0.065625 0.033333
0 0.218750 0.816667 0.040625 0.066667
0 0.234375 0.866667 0.034375 0.075000
0 0.246875 0.925000 0.037500 0.045833
0 0.228125 0.966667 0.034375 0.058333
0 0.290625 0.929167 0.028125 0.050000
0 0.321875 0.954167 0.034375 0.045833
0 0.343750 0.970833 0.037500 0.050000
0 0.456250 0.870833 0.050000 0.037500
0 0.462500 0.766667 0.050000 0.025000
0 0.462500 0.658333 0.050000 0.033333
0 0.493750 0.654167 0.028125 0.041667
0 0.471875 0.612500 0.062500 0.033333
0 0.425000 0.595833 0.050000 0.058333
0 0.409375 0.566667 0.050000 0.037500
0 0.418750 0.516667 0.025000 0.029167
0 0.393750 0.483333 0.040625 0.037500
0 0.362500 0.437500 0.040625 0.054167
0 0.328125 0.358333 0.037500 0.108333
0 0.381250 0.345833 0.043750 0.041667
0 0.425000 0.341667 0.043750 0.075000
0 0.431250 0.420833 0.046875 0.054167
0 0.484375 0.316667 0.043750 0.045833
0 0.515625 0.275000 0.031250 0.062500
0 0.556250 0.262500 0.034375 0.054167
0 0.578125 0.283333 0.056250 0.075000
0 0.609375 0.304167 0.040625 0.070833
0 0.656250 0.362500 0.021875 0.079167
0 0.678125 0.433333 0.050000 0.058333
0 0.634375 0.445833 0.037500 0.054167
0 0.603125 0.379167 0.059375 0.033333
0 0.600000 0.429167 0.046875 0.058333
0 0.600000 0.495833 0.028125 0.050000
0 0.606250 0.575000 0.034375 0.054167
0 0.675000 0.695833 0.040625 0.045833
0 0.671875 0.779167 0.037500 0.037500
0 0.690625 0.841667 0.040625 0.045833
0 0.662500 0.858333 0.043750 0.050000
0 0.640625 0.870833 0.031250 0.062500
0 0.637500 0.954167 0.062500 0.054167
0 0.575000 0.912500 0.025000 0.041667
0 0.575000 0.970833 0.034375 0.045833
0 0.606250 0.883333 0.025000 0.058333
0 0.621875 0.766667 0.025000 0.133333
0 0.487500 0.341667 0.028125 0.045833
0 0.481250 0.383333 0.040625 0.054167
0 0.534375 0.416667 0.056250 0.041667
0 0.556250 0.491667 0.031250 0.066667
0 0.493750 0.479167 0.037500 0.037500
0 0.581250 0.533333 0.031250 0.041667
0 0.525000 0.541667 0.037500 0.050000
0 0.484375 0.562500 0.025000 0.066667
0 0.540625 0.729167 0.025000 0.062500
0 0.590625 0.691667 0.043750 0.054167
0 0.593750 0.754167 0.028125 0.045833
0 0.568750 0.879167 0.028125 0.075000
0 0.537500 0.866667 0.034375 0.058333
0 0.496875 0.858333 0.015625 0.058333
0 0.525000 0.966667 0.031250 0.058333
0 0.493750 0.970833 0.031250 0.050000
0 0.462500 0.966667 0.043750 0.062500
0 0.193750 0.983333 0.053125 0.029167
0 0.118750 0.966667 0.050000 0.050000
0 0.096875 0.925000 0.050000 0.050000
0 0.096875 0.891667 0.034375 0.041667
0 0.153125 0.887500 0.040625 0.050000
0 0.096875 0.841667 0.037500 0.033333
0 0.040625 0.870833 0.034375 0.058333
0 0.021875 0.812500 0.043750 0.075000
0 0.103125 0.808333 0.037500 0.037500
0 0.178125 0.800000 0.040625 0.054167
0 0.146875 0.745833 0.031250 0.041667
0 0.112500 0.729167 0.034375 0.054167
0 0.078125 0.775000 0.040625 0.058333
0 0.075000 0.725000 0.028125 0.037500
0 0.109375 0.662500 0.037500 0.050000
0 0.146875 0.695833 0.034375 0.045833
0 0.175000 0.716667 0.037500 0.058333
0 0.212500 0.700000 0.040625 0.033333
0 0.228125 0.658333 0.043750 0.054167
0 0.237500 0.633333 0.034375 0.054167
0 0.250000 0.600000 0.037500 0.066667
0 0.256250 0.491667 0.034375 0.050000
0 0.265625 0.437500 0.028125 0.058333
0 0.215625 0.370833 0.040625 0.050000
0 0.250000 0.350000 0.031250 0.066667
0 0.287500 0.250000 0.031250 0.075000
0 0.259375 0.279167 0.034375 0.079167
0 0.228125 0.262500 0.037500 0.045833
0 0.209375 0.304167 0.059375 0.033333
0 0.206250 0.237500 0.040625 0.037500
0 0.184375 0.212500 0.031250 0.041667
0 0.150000 0.158333 0.021875 0.050000
0 0.125000 0.191667 0.028125 0.054167
0 0.071875 0.158333 0.025000 0.066667
0 0.015625 0.195833 0.028125 0.045833
0 0.034375 0.241667 0.034375 0.041667
0 0.068750 0.254167 0.046875 0.091667
0 0.109375 0.237500 0.028125 0.054167
0 0.153125 0.216667 0.025000 0.070833
0 0.168750 0.254167 0.034375 0.066667
0 0.140625 0.304167 0.043750 0.054167
0 0.109375 0.375000 0.028125 0.054167
0 0.143750 0.412500 0.034375 0.066667
0 0.181250 0.445833 0.021875 0.058333
0 0.203125 0.504167 0.037500 0.033333
0 0.159375 0.516667 0.037500 0.050000
0 0.187500 0.545833 0.034375 0.054167
0 0.200000 0.575000 0.034375 0.045833
0 0.175000 0.645833 0.031250 0.045833
0 0.143750 0.600000 0.046875 0.058333
0 0.100000 0.604167 0.050000 0.045833
0 0.050000 0.595833 0.043750 0.058333
0 0.037500 0.487500 0.043750 0.050000
0 0.090625 0.475000 0.018750 0.075000
0 0.118750 0.520833 0.037500 0.058333
0 0.059375 0.416667 0.037500 0.045833
0 0.040625 0.354167 0.037500 0.037500
0 0.012500 0.400000 0.031250 0.054167
0 0.006250 0.683333 0.012500 0.058333
0 0.062500 0.662500 0.050000 0.045833
0 0.031250 0.683333 0.028125 0.033333
0 0.037500 0.745833 0.025000 0.033333
