0 0.059375 0.020833 0.046875 0.045833
0 0.093750 0.025000 0.034375 0.054167
0 0.128125 0.079167 0.050000 0.062500
0 0.068750 0.112500 0.046875 0.058333
0 0.015625 0.204167 0.034375 0.062500
0 0.053125 0.275000 0.037500 0.062500
0 0.056250 0.204167 0.034375 0.058333
0 0.093750 0.195833 0.040625 0.058333
0 0.096875 0.262500 0.031250 0.070833
0 0.118750 0.312500 0.043750 0.062500
0 0.125000 0.166667 0.034375 0.070833
0 0.156250 0.183333 0.043750 0.054167
0 0.187500 0.137500 0.043750 0.050000
0 0.181250 0.066667 0.043750 0.045833
0 0.200000 0.179167 0.043750 0.066667
0 0.212500 0.245833 0.050000 0.054167
0 0.250000 0.179167 0.046875 0.054167
0 0.284375 0.166667 0.034375 0.062500
0 0.318750 0.120833 0.034375 0.054167
0 0.306250 0.200000 0.034375 0.050000
0 0.328125 0.266667 0.034375 0.050000
0 0.359375 0.233333 0.034375 0.058333
0 0.275000 0.266667 0.028125 0.045833
0 0.259375 0.395833 0.037500 0.058333
0 0.200000 0.391667 0.037500 0.045833
0 0.228125 0.445833 0.031250 0.037500
0 0.150000 0.387500 0.031250 0.037500
0 0.121875 0.454167 0.050000 0.062500
0 0.175000 0.479167 0.031250 0.058333
0 0.212500 0.504167 0.034375 0.091667
0 0.168750 0.554167 0.037500 0.058333
0 0.128125 0.583333 0.031250 0.062500
0 0.084375 0.537500 0.028125 0.045833
0 0.046875 0.487500 0.025000 0.054167
0 0.021875 0.387500 0.037500 0.058333
0 0.046875 0.341667 0.037500 0.062500
0 0.287500 0.666667 0.056250 0.037500
0 0.321875 0.625000 0.043750 0.050000
0 0.343750 0.583333 0.046875 0.058333
0 0.350000 0.654167 0.031250 0.058333
0 0.384375 0.650000 0.040625 0.045833
0 0.418750 0.620833 0.037500 0.037500
0 0.434375 0.591667 0.046875 0.054167
0 0.384375 0.558333 0.053125 0.054167
0 0.368750 0.466667 0.037500 0.029167
0 0.390625 0.445833 0.040625 0.050000
0 0.400000 0.400000 0.043750 0.062500
0 0.365625 0.325000 0.046875 0.075000
0 0.434375 0.262500 0.053125 0.066667
0 0.437500 0.329167 0.046875 0.070833
0 0.453125 0.362500 0.050000 0.054167
0 0.443750 0.404167 0.031250 0.070833
0 0.487500 0.420833 0.046875 0.062500
0 0.446875 0.479167 0.040625 0.062500
0 0.440625 0.529167 0.056250 0.045833
0 0.515625 0.495833 0.037500 0.054167
0 0.465625 0.554167 0.040625 0.041667
0 0.503125 0.558333 0.031250 0.054167
0 0.475000 0.637500 0.037500 0.070833
0 0.503125 0.616667 0.037500 0.054167
0 0.534375 0.616667 0.040625 0.037500
0 0.546875 0.562500 0.046875 0.054167
0 0.540625 0.691667 0.034375 0.050000
0 0.500000 0.704167 0.037500 0.058333
0 0.421875 0.670833 0.034375 0.054167
0 0.437500 0.695833 0.040625 0.054167
0 0.465625 0.729167 0.031250 0.075000
0 0.475000 0.795833 0.056250 0.054167
0 0.493750 0.820833 0.040625 0.045833
0 0.525000 0.850000 0.046875 0.062500
0 0.525000 0.895833 0.037500 0.054167
0 0.559375 0.875000 0.031250 0.079167
0 0.550000 0.737500 0.034375 0.058333
0 0.565625 0.808333 0.043750 0.041667
0 0.581250 0.708333 0.031250 0.066667
0 0.615625 0.712500 0.040625 0.062500
0 0.621875 0.670833 0.046875 0.066667
0 0.653125 0.654167 0.040625 0.058333
0 0.681250 0.629167 0.037500 0.058333
0 0.718750 0.637500 0.046875 0.045833
0 0.718750 0.675000 0.046875 0.058333
0 0.706250 0.729167 0.043750 0.050000
0 0.671875 0.745833 0.043750 0.054167
0 0.637500 0.787500 0.046875 0.054167
0 0.734375 0.758333 0.034375 0.041667
0 0.625000 0.858333 0.040625 0.050000
0 0.634375 0.908333 0.037500 0.037500
0 0.618750 0.945833 0.034375 0.033333
0 0.678125 0.845833 0.031250 0.070833
0 0.690625 0.879167 0.028125 0.066667
0 0.684375 0.970833 0.046875 0.050000
0 0.750000 0.925000 0.043750 0.054167
0 0.775000 0.970833 0.053125 0.050000
0 0.853125 0.912500 0.040625 0.045833
0 0.909375 0.916667 0.034375 0.058333
0 0.943750 0.904167 0.043750 0.066667
0 0.918750 0.812500 0.043750 0.062500
0 0.865625 0.791667 0.059375 0.041667
0 0.853125 0.841667 0.046875 0.045833
0 0.771875 0.858333 0.031250 0.054167
0 0.787500 0.787500 0.043750 0.062500
0 0.837500 0.675000 0.031250 0.058333
0 0.884375 0.666667 0.043750 0.041667
0 0.878125 0.712500 0.056250 0.050000
0 0.896875 0.733333 0.046875 0.054167
0 0.937500 0.775000 0.037500 0.050000
0 0.981250 0.766667 0.034375 0.070833
0 0.956250 0.716667 0.037500 0.050000
0 0.940625 0.612500 0.037500 0.050000
0 0.896875 0.612500 0.040625 0.058333
0 0.862500 0.633333 0.056250 0.037500
0 0.759375 0.591667 0.043750 0.079167
0 0.793750 0.575000 0.034375 0.058333
0 0.825000 0.570833 0.043750 0.037500
0 0.671875 0.575000 0.046875 0.066667
0 0.706250 0.566667 0.034375 0.100000
0 0.712500 0.487500 0.050000 0.079167
0 0.740625 0.420833 0.028125 0.062500
0 0.768750 0.487500 0.043750 0.045833
0 0.831250 0.470833 0.059375 0.050000
0 0.856250 0.500000 0.037500 0.058333
0 0.887500 0.545833 0.046875 0.058333
0 0.971875 0.462500 0.050000 0.062500
0 0.981250 0.395833 0.031250 0.083333
0 0.928125 0.404167 0.028125 0.066667
0 0.884375 0.408333 0.031250 0.058333
0 0.790625 0.416667 0.037500 0.050000
0 0.700000 0.383333 0.037500 0.062500
0 0.675000 0.420833 0.046875 0.070833
0 0.643750 0.437500 0.021875 0.091667
0 0.603125 0.441667 0.031250 0.050000
0 0.556250 0.425000 0.034375 0.045833
0 0.531250 0.391667 0.034375 0.062500
0 0.500000 0.320833 0.034375 0.054167
0 0.562500 0.366667 0.050000 0.045833
0 0.556250 0.295833 0.043750 0.054167
0 0.500000 0.258333 0.031250 0.050000
0 0.478125 0.233333 0.043750 0.066667
0 0.518750 0.216667 0.037500 0.079167
0 0.546875 0.208333 0.043750 0.070833
0 0.584375 0.254167 0.037500 0.062500
0 0.606250 0.216667 0.081250 0.050000
0 0.625000 0.279167 0.050000 0.045833
0 0.634375 0.345833 0.034375 0.087500
0 0.671875 0.337500 0.040625 0.058333
0 0.700000 0.295833 0.059375 0.054167
0 0.734375 0.366667 0.046875 0.045833
0 0.740625 0.308333 0.040625 0.037500
0 0.784375 0.333333 0.037500 0.054167
0 0.818750 0.325000 0.040625 0.029167
0 0.846875 0.345833 0.046875 0.045833
0 0.893750 0.225000 0.040625 0.054167
0 0.934375 0.250000 0.040625 0.045833
0 0.843750 0.254167 0.053125 0.054167
0 0.793750 0.279167 0.053125 0.045833
0 0.784375 0.229167 0.053125 0.058333
0 0.700000 0.262500 0.034375 0.041667
0 0.728125 0.216667 0.046875 0.054167
0 0.775000 0.137500 0.046875 0.066667
0 0.803125 0.166667 0.050000 0.037500
0 0.828125 0.133333 0.059375 0.054167
0 0.896875 0.120833 0.068750 0.054167
0 0.915625 0.058333 0.040625 0.058333
0 0.396875 0.054167 0.043750 0.037500
0 0.387500 0.108333 0.062500 0.054167
0 0.396875 0.187500 0.046875 0.050000
0 0.465625 0.141667 0.037500 0.058333
0 0.478125 0.079167 0.050000 0.058333
0 0.518750 0.016667 0.046875 0.033333
0 0.540625 0.062500 0.053125 0.054167
0 0.515625 0.133333 0.056250 0.041667
0 0.668750 0.029167 0.056250 0.041667
0 0.728125 0.025000 0.021875 0.054167
0 0.753125 0.020833 0.034375 0.045833
0 0.796875 0.079167 0.034375 0.045833
0 0.768750 0.041667 0.037500 0.054167
0 0.734375 0.100000 0.037500 0.058333
0 0.706250 0.154167 0.031250 0.045833
0 0.662500 0.179167 0.025000 0.058333
0 0.665625 0.095833 0.031250 0.058333
0 0.609375 0.045833 0.037500 0.045833
0 0.628125 0.145833 0.034375 0.070833
0 0.587500 0.166667 0.037500 0.050000
0 0.568750 0.095833 0.050000 0.041667
0 0.978125 0.020833 0.037500 0.045833
0 0.984375 0.054167 0.028125 0.041667
0 0.981250 0.095833 0.031250 0.062500
0 0.953125 0.120833 0.034375 0.062500
0 0.228125 0.104167 0.028125 0.041667
0 0.015625 0.583333 0.037500 0.058333
0 0.046875 0.579167 0.043750 0.050000
0 0.087500 0.633333 0.037500 0.066667
0 0.040625 0.658333 0.040625 0.045833
0 0.065625 0.687500 0.040625 0.037500
0 0.075000 0.716667 0.040625 0.041667
0 0.012500 0.733333 0.028125 0.037500
0 0.025000 0.775000 0.031250 0.045833
0 0.012500 0.862500 0.028125 0.054167
0 0.046875 0.841667 0.050000 0.037500
0 0.071875 0.804167 0.043750 0.045833
0 0.090625 0.775000 0.037500 0.066667
0 0.118750 0.704167 0.018750 0.079167
0 0.134375 0.733333 0.021875 0.087500
0 0.178125 0.641667 0.078125 0.058333
0 0.200000 0.691667 0.040625 0.045833
0 0.340625 0.758333 0.056250 0.058333
0 0.315625 0.845833 0.040625 0.058333
0 0.350000 0.916667 0.059375 0.045833
0 0.318750 0.937500 0.034375 0.045833
0 0.325000 0.979167 0.065625 0.037500
0 0.256250 0.958333 0.040625 0.037500
0 0.262500 0.895833 0.034375 0.045833
0 0.250000 0.779167 0.018750 0.029167
0 0.221875 0.795833 0.043750 0.054167
0 0.162500 0.733333 0.043750 0.045833
0 0.165625 0.775000 0.028125 0.050000
0 0.121875 0.916667 0.037500 0.054167
0 0.121875 0.958333 0.043750 0.050000
0 0.078125 0.925000 0.034375 0.037500
0 0.046875 0.941667 0.040625 0.054167
0 0.012500 0.937500 0.031250 0.054167
0 0.146875 0.866667 0.043750 0.050000
0 0.403125 0.820833 0.050000 0.062500
0 0.443750 0.904167 0.056250 0.045833
0 0.465625 0.950000 0.031250 0.025000
0 0.406250 0.950000 0.050000 0.054167
0 0.515625 0.983333 0.040625 0.029167
0 0.209375 0.908333 0.065625 0.037500
