0 0.060721 0.044484 0.066380 0.088968
0 0.162243 0.050712 0.074189 0.090747
0 0.019622 0.134342 0.039244 0.108541
0 0.090006 0.152135 0.097618 0.115658
0 0.052812 0.266014 0.105624 0.137011
0 0.157362 0.195730 0.080046 0.078292
0 0.234480 0.065836 0.117141 0.131672
0 0.233504 0.136121 0.080046 0.094306
0 0.295003 0.055160 0.039047 0.110320
0 0.329169 0.071174 0.080046 0.135231
0 0.343812 0.185943 0.093713 0.151246
0 0.149553 0.343416 0.103475 0.128114
0 0.054864 0.354093 0.058571 0.088968
0 0.040122 0.438612 0.080244 0.083630
0 0.163219 0.428826 0.119094 0.103203
0 0.085125 0.549822 0.103475 0.120996
0 0.138815 0.620996 0.058571 0.085409
0 0.086101 0.716192 0.156188 0.101423
0 0.023527 0.795374 0.047054 0.088968
0 0.117339 0.801601 0.093713 0.069395
0 0.090006 0.907473 0.101522 0.092527
0 0.169076 0.847865 0.068332 0.090747
0 0.187624 0.925267 0.124951 0.081851
0 0.336979 0.774911 0.083951 0.112100
0 0.246194 0.622776 0.093713 0.099644
0 0.211052 0.516904 0.113236 0.133452
0 0.274503 0.324733 0.072237 0.172598
0 0.268646 0.460854 0.087856 0.135231
0 0.393597 0.312278 0.080046 0.147687
0 0.333074 0.431495 0.076142 0.104982
0 0.314526 0.540036 0.074189 0.137011
0 0.349669 0.962633 0.105427 0.074733
0 0.262789 0.950178 0.076142 0.099644
0 0.429715 0.661922 0.124951 0.067616
0 0.441429 0.572954 0.117141 0.085409
0 0.421906 0.460854 0.097618 0.128114
0 0.482429 0.089858 0.109332 0.051601
0 0.460953 0.033808 0.124951 0.053381
0 0.562475 0.033808 0.074189 0.067616
0 0.636665 0.055160 0.070285 0.078292
0 0.597618 0.124555 0.070285 0.113879
0 0.466810 0.170819 0.097618 0.120996
0 0.490238 0.297153 0.074189 0.081851
0 0.484381 0.403025 0.078094 0.076512
0 0.539047 0.253559 0.054666 0.179715
0 0.603475 0.248221 0.089808 0.140569
0 0.626903 0.370107 0.089808 0.120996
0 0.570285 0.395018 0.089808 0.113879
0 0.543928 0.500890 0.103475 0.144128
0 0.418001 0.847865 0.093713 0.208185
0 0.473643 0.724199 0.056618 0.092527
0 0.536119 0.755338 0.083951 0.154804
0 0.489262 0.922598 0.072237 0.140569
0 0.551737 0.896797 0.076142 0.120996
0 0.651307 0.922598 0.119094 0.119217
0 0.643498 0.601423 0.083951 0.085409
0 0.705973 0.439502 0.103475 0.110320
0 0.764544 0.348754 0.091761 0.106762
0 0.758687 0.137011 0.107379 0.110320
0 0.901208 0.054270 0.072237 0.087189
0 0.965735 0.087189 0.068530 0.110320
0 0.739163 0.033808 0.119094 0.067616
0 0.661069 0.294484 0.056618 0.122776
0 0.839709 0.140569 0.070285 0.103203
0 0.832876 0.202847 0.197188 0.099644
0 0.818233 0.311388 0.089808 0.096085
0 0.967687 0.184164 0.064625 0.040925
0 0.965636 0.242883 0.068332 0.076512
0 0.908042 0.288256 0.101522 0.099644
0 0.841662 0.413701 0.078094 0.094306
0 0.936351 0.533808 0.091761 0.124555
0 0.956949 0.432384 0.086101 0.110320
0 0.968664 0.354982 0.062672 0.094306
0 0.843614 0.480427 0.058571 0.074733
0 0.793829 0.480427 0.099570 0.128114
0 0.751853 0.548043 0.144474 0.106762
0 0.710854 0.597865 0.109332 0.099644
0 0.913899 0.620996 0.117141 0.071174
0 0.949041 0.695730 0.078094 0.064057
0 0.821162 0.648577 0.119094 0.090747
0 0.609332 0.668149 0.117141 0.065836
0 0.622998 0.726868 0.074189 0.072954
0 0.638617 0.810498 0.089808 0.080071
0 0.680593 0.749110 0.095665 0.096085
0 0.781139 0.770463 0.109332 0.117438
0 0.842638 0.733096 0.115189 0.078292
0 0.897304 0.814947 0.119094 0.088968
0 0.704997 0.835409 0.078094 0.090747
0 0.751853 0.926157 0.074189 0.126335
0 0.843614 0.864769 0.124951 0.085409
0 0.819210 0.942171 0.095665 0.072954