0 0.087751 0.039146 0.069676 0.078292
0 0.284440 0.042705 0.091450 0.085409
0 0.141459 0.082740 0.066773 0.140569
0 0.189361 0.072064 0.060966 0.101423
0 0.018473 0.141459 0.036945 0.076512
0 0.042751 0.218861 0.084192 0.153025
0 0.014844 0.414591 0.029687 0.085409
0 0.111702 0.387011 0.111772 0.069395
0 0.068880 0.488434 0.101611 0.112100
0 0.059445 0.610320 0.074031 0.088968
0 0.069606 0.701068 0.079837 0.096085
0 0.038795 0.813167 0.077589 0.124555
0 0.124766 0.905694 0.140804 0.078292
0 0.171942 0.822064 0.121933 0.060498
0 0.174120 0.734875 0.097256 0.088968
0 0.148717 0.670819 0.092901 0.110320
0 0.137104 0.548043 0.110320 0.092527
0 0.215490 0.475979 0.133546 0.058719
0 0.203877 0.172598 0.058063 0.074733
0 0.134927 0.235765 0.050805 0.076512
0 0.185732 0.260676 0.071128 0.112100
0 0.304036 0.118327 0.087095 0.126335
0 0.251054 0.256228 0.094353 0.106762
0 0.206055 0.342527 0.091450 0.076512
0 0.264844 0.397687 0.185803 0.094306
0 0.354116 0.197509 0.094353 0.064057
0 0.378793 0.103203 0.068224 0.113879
0 0.512338 0.055160 0.129191 0.110320
0 0.671287 0.021352 0.095804 0.042704
0 0.837493 0.045374 0.152416 0.080071
0 0.936201 0.081851 0.105966 0.042705
0 0.701770 0.092527 0.084192 0.071174
0 0.363551 0.288256 0.095804 0.113879
0 0.504355 0.318505 0.078385 0.099644
0 0.717012 0.153025 0.111772 0.078292
0 0.934023 0.154804 0.101611 0.074733
0 0.846928 0.132562 0.072579 0.037367
0 0.818622 0.185943 0.134997 0.065836
0 0.641529 0.278470 0.143707 0.119217
0 0.399115 0.416370 0.140804 0.128114
0 0.259037 0.639680 0.107417 0.069395
0 0.330891 0.530249 0.123385 0.074733
0 0.195168 0.564947 0.072579 0.065836
0 0.263392 0.579181 0.104514 0.065836
0 0.290246 0.694840 0.114675 0.069395
0 0.357019 0.729537 0.105966 0.071174
0 0.270650 0.952847 0.124836 0.094306
0 0.142911 0.963523 0.092901 0.072954
0 0.481855 0.727758 0.126288 0.131673
0 0.390406 0.835409 0.132094 0.087189
0 0.306940 0.901246 0.107417 0.087189
0 0.478226 0.911032 0.089998 0.096085
0 0.444114 0.525801 0.082740 0.076512
0 0.587095 0.532028 0.072579 0.124555
0 0.419437 0.637900 0.114675 0.080071
0 0.446291 0.585409 0.104514 0.064057
0 0.656771 0.382562 0.130642 0.135231
0 0.800478 0.269573 0.087095 0.069395
0 0.907169 0.270463 0.091450 0.092527
0 0.985156 0.215302 0.029687 0.071174
0 0.773623 0.353203 0.103062 0.090747
0 0.776527 0.420819 0.088547 0.062278
0 0.869428 0.414591 0.074031 0.053381
0 0.900637 0.360320 0.092901 0.069395
0 0.985882 0.356762 0.028236 0.137011
0 0.886121 0.458185 0.110320 0.087189
0 0.953620 0.538256 0.076934 0.115658
0 0.754027 0.496441 0.113223 0.088968
0 0.547176 0.624555 0.076934 0.067616
0 0.606691 0.684164 0.062418 0.101423
0 0.684351 0.635231 0.095804 0.174377
0 0.742414 0.724199 0.075482 0.074733
0 0.777252 0.652135 0.055160 0.076512
0 0.842574 0.582740 0.124836 0.094306
0 0.881766 0.648577 0.104514 0.083630
0 0.825155 0.696619 0.075482 0.065836
0 0.960152 0.771352 0.066773 0.108541
0 0.888298 0.757117 0.044999 0.076512
0 0.912975 0.867438 0.065321 0.108541
0 0.836041 0.793594 0.071128 0.099644
0 0.868702 0.934164 0.078385 0.131672
0 0.743140 0.967972 0.085643 0.064056
0 0.727898 0.886121 0.066773 0.113879
0 0.666932 0.826512 0.089998 0.087189
0 0.544273 0.793594 0.097256 0.064057
0 0.543547 0.868327 0.124836 0.064057