0 0.019474 0.034698 0.038948 0.069395
0 0.123039 0.046263 0.072492 0.092526
0 0.033248 0.117438 0.066495 0.170819
0 0.081719 0.199288 0.094240 0.074733
0 0.029623 0.312278 0.059246 0.094306
0 0.080994 0.339858 0.063793 0.096085
0 0.036147 0.423488 0.072294 0.067616
0 0.085343 0.583630 0.092790 0.085409
0 0.147687 0.467972 0.101489 0.088968
0 0.241927 0.048932 0.049295 0.097864
0 0.158561 0.137900 0.082641 0.272242
0 0.204231 0.250890 0.057994 0.074733
0 0.163635 0.295374 0.046395 0.060498
0 0.268749 0.155694 0.068143 0.119217
0 0.307170 0.057829 0.063793 0.076512
0 0.235403 0.415480 0.068143 0.108541
0 0.303546 0.354982 0.091340 0.087189
0 0.464479 0.046263 0.059444 0.092526
0 0.535521 0.069395 0.056544 0.138790
0 0.582641 0.109431 0.060894 0.126335
0 0.614538 0.054270 0.055094 0.087189
0 0.731976 0.072064 0.081192 0.094306
0 0.542046 0.293594 0.066693 0.110320
0 0.598590 0.258007 0.066693 0.117438
0 0.644985 0.163701 0.052195 0.142349
0 0.687030 0.191281 0.052195 0.115658
0 0.747924 0.224199 0.072492 0.096085
0 0.798669 0.157473 0.072492 0.094306
0 0.815342 0.024911 0.100040 0.049822
0 0.181758 0.532028 0.091340 0.085409
0 0.308620 0.485765 0.089891 0.120996
0 0.362989 0.528470 0.085541 0.074733
0 0.431132 0.451068 0.073942 0.097865
0 0.486226 0.474199 0.073942 0.087189
0 0.556544 0.465302 0.081192 0.094306
0 0.652959 0.428826 0.097140 0.074733
0 0.666008 0.350534 0.097140 0.081851
0 0.871161 0.142349 0.110188 0.106762
0 0.959503 0.032028 0.080994 0.049822
0 0.405035 0.202847 0.155134 0.167260
0 0.869711 0.272242 0.095690 0.103203
0 0.951628 0.216192 0.091340 0.087189
0 0.806643 0.354093 0.047845 0.099644
0 0.756623 0.337189 0.052195 0.069395
0 0.908857 0.367438 0.086991 0.104982
0 0.275273 0.597865 0.095690 0.071174
0 0.405035 0.574733 0.114538 0.092527
0 0.425333 0.626335 0.100040 0.049822
0 0.489851 0.571174 0.066693 0.060498
0 0.652234 0.502669 0.101489 0.044484
0 0.757348 0.456406 0.158033 0.069395
0 0.968927 0.530249 0.062146 0.103203
0 0.809543 0.500000 0.111638 0.064057
0 0.903783 0.556050 0.079742 0.104982
0 0.850138 0.635231 0.111638 0.088968
0 0.642810 0.552491 0.120337 0.065836
0 0.022374 0.661922 0.044748 0.117438
0 0.041123 0.880783 0.056544 0.124555
0 0.048372 0.786477 0.059444 0.099644
0 0.102742 0.808719 0.089891 0.112100
0 0.113615 0.947509 0.042046 0.104982
0 0.189732 0.842527 0.055094 0.072954
0 0.082444 0.685053 0.081192 0.053381
0 0.157836 0.697509 0.089891 0.106762
0 0.271649 0.681495 0.071043 0.085409
0 0.253526 0.786477 0.115988 0.099644
0 0.252801 0.872776 0.100040 0.065836
0 0.220904 0.950178 0.160933 0.056940
0 0.211480 0.981317 0.078292 0.037366
0 0.341242 0.886121 0.079742 0.113879
0 0.550745 0.592527 0.113088 0.060498
0 0.605114 0.647687 0.094240 0.064057
0 0.663833 0.620107 0.086991 0.062278
0 0.688480 0.695730 0.115988 0.067616
0 0.747199 0.655694 0.117438 0.069395
0 0.474628 0.657473 0.102939 0.083630
0 0.445631 0.724199 0.065243 0.096085
0 0.332543 0.712633 0.079742 0.119217
0 0.399236 0.798043 0.082641 0.083630
0 0.439831 0.911032 0.050745 0.064057
0 0.421708 0.942171 0.052195 0.040925
0 0.472453 0.862989 0.092790 0.131673
0 0.531172 0.738434 0.085541 0.060498
0 0.601489 0.769573 0.063793 0.072954
0 0.557994 0.790925 0.057994 0.080071
0 0.581916 0.853203 0.076842 0.058719
0 0.558719 0.935943 0.068143 0.117438
0 0.664558 0.830071 0.088441 0.072954
0 0.665283 0.905694 0.095690 0.060498
0 0.631936 0.959964 0.089891 0.076512
0 0.708778 0.976868 0.052195 0.046263
0 0.766047 0.758897 0.085541 0.076512
0 0.737050 0.826512 0.056544 0.080071
0 0.796494 0.882562 0.094240 0.113879
0 0.831290 0.725089 0.140635 0.076512
0 0.929155 0.773132 0.110188 0.065836