0 0.064692 0.048932 0.129384 0.097864
0 0.183528 0.040925 0.071683 0.081850
0 0.046263 0.138790 0.080834 0.067616
0 0.023513 0.314057 0.047026 0.133452
0 0.174377 0.201068 0.099136 0.110320
0 0.265887 0.071174 0.096085 0.078292
0 0.276563 0.146797 0.068632 0.072954
0 0.454245 0.024021 0.103711 0.048042
0 0.445857 0.098754 0.099136 0.090747
0 0.347483 0.155694 0.134215 0.080071
0 0.360447 0.226868 0.047280 0.083630
0 0.564057 0.051601 0.067107 0.081851
0 0.789019 0.040036 0.089985 0.080071
0 0.633452 0.053381 0.056431 0.106762
0 0.851551 0.088968 0.071683 0.128114
0 0.946111 0.048043 0.056431 0.081851
0 0.949161 0.122776 0.038129 0.088968
0 0.901118 0.163701 0.057956 0.167260
0 0.954499 0.228648 0.064057 0.097865
0 0.704372 0.230427 0.070158 0.147687
0 0.786731 0.222420 0.073208 0.110320
0 0.847738 0.255338 0.061007 0.090747
0 0.456533 0.179715 0.117438 0.110320
0 0.550330 0.212633 0.067107 0.133452
0 0.121759 0.302491 0.097611 0.071174
0 0.106507 0.369217 0.109812 0.087189
0 0.291815 0.241103 0.074733 0.087189
0 0.263599 0.306050 0.088460 0.092527
0 0.259786 0.386121 0.071683 0.064057
0 0.146162 0.456406 0.061007 0.126335
0 0.074479 0.507117 0.082359 0.110320
0 0.234621 0.483986 0.082359 0.106762
0 0.175902 0.574733 0.053381 0.124555
0 0.059227 0.636121 0.064057 0.119217
0 0.114133 0.614769 0.039654 0.083630
0 0.333757 0.359431 0.085409 0.099644
0 0.486274 0.346975 0.094560 0.096085
0 0.373411 0.434164 0.091510 0.135231
0 0.892730 0.316726 0.080834 0.128114
0 0.918658 0.430605 0.111337 0.138790
0 0.810371 0.356762 0.071683 0.104982
0 0.010549 0.600534 0.021098 0.151246
0 0.022750 0.780249 0.045500 0.144128
0 0.078292 0.908363 0.114387 0.140569
0 0.076767 0.727758 0.074733 0.074733
0 0.104982 0.783808 0.097611 0.108541
0 0.207931 0.749110 0.071683 0.131673
0 0.288765 0.690391 0.093035 0.106762
0 0.394001 0.587189 0.068632 0.128114
0 0.567107 0.331851 0.057956 0.137011
0 0.633452 0.233096 0.044230 0.110320
0 0.499237 0.443950 0.096085 0.126335
0 0.596085 0.411032 0.076258 0.117438
0 0.655567 0.473310 0.051856 0.106762
0 0.672344 0.572954 0.051856 0.096085
0 0.522115 0.548932 0.086934 0.097865
0 0.609812 0.570285 0.061007 0.076512
0 0.680732 0.361210 0.056431 0.067616
0 0.723437 0.500000 0.068632 0.117438
0 0.782918 0.560498 0.065582 0.117438
0 0.859176 0.557829 0.086934 0.108541
0 0.971149 0.486655 0.057702 0.072954
0 0.975724 0.556940 0.048551 0.049822
0 0.933910 0.629004 0.086934 0.072954
0 0.927046 0.717082 0.109812 0.103203
0 0.792069 0.715302 0.147941 0.145907
0 0.639553 0.671708 0.111337 0.087189
0 0.519827 0.678826 0.076258 0.104982
0 0.414591 0.669929 0.109812 0.108541
0 0.251398 0.830961 0.076258 0.096085
0 0.268937 0.582740 0.071683 0.048043
0 0.159126 0.912811 0.035079 0.138790
0 0.199542 0.938612 0.033554 0.112100
0 0.265125 0.930605 0.067107 0.113879
0 0.414591 0.790036 0.085409 0.092527
0 0.510676 0.765125 0.076258 0.071174
0 0.639553 0.773132 0.114387 0.062278
0 0.516014 0.829181 0.093035 0.042705
0 0.400864 0.886121 0.118963 0.056940
0 0.361973 0.815836 0.053381 0.072954
0 0.298678 0.865658 0.048805 0.072954
0 0.308592 0.964413 0.089985 0.071174
0 0.416878 0.951068 0.089985 0.083630
0 0.513726 0.931495 0.082359 0.090747
0 0.615913 0.893238 0.103711 0.071174
0 0.531266 0.985765 0.077783 0.028470
0 0.628876 0.953737 0.071683 0.071174
0 0.733350 0.872776 0.131164 0.083630
0 0.864514 0.839858 0.070158 0.071174
0 0.961235 0.804270 0.077529 0.064057
0 0.734113 0.963523 0.074733 0.062278
0 0.811134 0.934164 0.076258 0.088968
0 0.866802 0.943950 0.071683 0.083630
0 0.941408 0.915480 0.117184 0.126335
0 0.961235 0.967972 0.077529 0.056940