0 0.019518 0.072064 0.039036 0.119217
0 0.092637 0.055160 0.064321 0.088968
0 0.210558 0.062278 0.115241 0.124555
0 0.108047 0.123665 0.062981 0.069395
0 0.024878 0.206406 0.049756 0.092527
0 0.089957 0.221530 0.085761 0.076512
0 0.200507 0.181495 0.095141 0.078292
0 0.330489 0.076512 0.081741 0.153024
0 0.022198 0.336299 0.044396 0.071174
0 0.141547 0.270463 0.105861 0.103203
0 0.091297 0.435943 0.067001 0.110320
0 0.274878 0.194840 0.064321 0.090747
0 0.327139 0.223310 0.056280 0.104982
0 0.229318 0.338078 0.080401 0.106762
0 0.061146 0.570285 0.084421 0.122776
0 0.116087 0.606762 0.092461 0.124555
0 0.205867 0.454626 0.135341 0.119217
0 0.388779 0.272242 0.085761 0.096085
0 0.422279 0.052491 0.061641 0.104982
0 0.451760 0.106762 0.042880 0.099644
0 0.398159 0.171708 0.042880 0.087189
0 0.210558 0.589858 0.085761 0.122776
0 0.051766 0.776690 0.076381 0.087189
0 0.113407 0.749110 0.076381 0.099644
0 0.071196 0.876335 0.093801 0.112100
0 0.138867 0.902135 0.081741 0.088968
0 0.179737 0.768683 0.072361 0.085409
0 0.315078 0.411032 0.080401 0.128114
0 0.365999 0.459964 0.045560 0.101423
0 0.266838 0.599644 0.072361 0.106762
0 0.355279 0.590747 0.083081 0.103203
0 0.295648 0.682384 0.073701 0.122776
0 0.271528 0.791815 0.068341 0.117438
0 0.236688 0.869217 0.092461 0.094306
0 0.190457 0.965302 0.117921 0.065836
0 0.341209 0.959075 0.081741 0.081850
0 0.342549 0.870996 0.087101 0.076512
0 0.362649 0.760676 0.062981 0.087189
0 0.370019 0.678826 0.040200 0.115658
0 0.449750 0.902135 0.079061 0.103203
0 0.426969 0.703737 0.057620 0.165480
0 0.426299 0.477758 0.056280 0.090747
0 0.496650 0.208185 0.071021 0.117438
0 0.618591 0.190391 0.095141 0.064057
0 0.722442 0.084520 0.069681 0.115658
0 0.674871 0.021352 0.103181 0.042704
0 0.937514 0.045374 0.092461 0.090747
0 0.824283 0.017794 0.053600 0.035587
0 0.831653 0.064057 0.092461 0.106762
0 0.976462 0.137011 0.047076 0.088968
0 0.798153 0.152135 0.089781 0.072954
0 0.890613 0.180605 0.073701 0.119217
0 0.974452 0.377224 0.051096 0.131673
0 0.902673 0.287367 0.097821 0.076512
0 0.818923 0.298043 0.125961 0.154804
0 0.761302 0.257117 0.072361 0.072954
0 0.701002 0.225979 0.072361 0.081851
0 0.613901 0.259786 0.061641 0.071174
0 0.589111 0.296263 0.081741 0.126335
0 0.524120 0.545374 0.080401 0.087189
0 0.497320 0.672598 0.069681 0.142349
0 0.677552 0.458185 0.073701 0.108541
0 0.577721 0.424377 0.058961 0.119217
0 0.509380 0.413701 0.032160 0.101423
0 0.594471 0.630783 0.095141 0.112100
0 0.542210 0.841637 0.095141 0.103203
0 0.586431 0.758007 0.105861 0.085409
0 0.632661 0.576512 0.109881 0.088968
0 0.745222 0.496441 0.096481 0.131673
0 0.906023 0.412811 0.067001 0.106762
0 0.971102 0.535587 0.057796 0.138790
0 0.800163 0.509786 0.096481 0.101423
0 0.793463 0.583630 0.109881 0.053381
0 0.680232 0.675267 0.092461 0.101423
0 0.735172 0.752669 0.073701 0.099644
0 0.668841 0.819395 0.091121 0.090747
0 0.732492 0.954626 0.100501 0.072954
0 0.733832 0.879893 0.089781 0.097865
0 0.778052 0.664591 0.076381 0.072954
0 0.804853 0.776690 0.076381 0.090747
0 0.887933 0.781139 0.071021 0.103203
0 0.899323 0.908363 0.093801 0.126335
0 0.961722 0.627224 0.076556 0.190391
0 0.969674 0.781139 0.060301 0.131673
0 0.977802 0.952847 0.044396 0.094306
0 0.631991 0.940391 0.121941 0.119217
0 0.862473 0.654804 0.071021 0.120996
0 0.561641 0.065836 0.091121 0.131672